800.0000000000000000, 500.0000000000000000;
799.3960029415652600, 519.0271758969693100;
797.5864438492385500, 537.9777360721248000;
794.5786091788120300, 556.7753733081231100;
790.3846104189069600, 575.3443961543237000;
785.0213353222836800, 593.6100337095460900;
778.5103799048217800, 611.4987366980982400;
770.8779614859863600, 628.9384736267514900;
762.1548131209355000, 645.8590208301405900;
752.3760598493543100, 662.1922452366792400;
741.5810772593175700, 677.8723787163921800;
729.8133329356934400, 692.8362829059617500;
717.1202114315210600, 707.0237034446336100;
703.5528234671396600, 720.3775125972599700;
689.1658001253567800, 732.8439392875270600;
674.0170728713594600, 744.3727856151007200;
658.1676402831507200, 754.9176289848543300;
641.6813224318048000, 764.4360090342746600;
624.6245039005659700, 772.8895986063555500;
607.0658664775616000, 780.2443580795320500;
589.0761125984825000, 786.4706724332221500;
570.7276806528281000, 791.5434704970625700;
552.0944533000791800, 795.4423259036624400;
533.2514599703033600, 798.1515393383763200;
514.2745747471226400, 799.6602017549023500;
495.2402108495575700, 799.9622383021625200;
476.2250129429633600, 799.0564327855827300;
457.3055485180144600, 796.9464325642798000;
438.5579995804427500, 793.6407338644336300;
420.0578558929894900, 789.1526475679826300;
401.8796110047734900, 783.5002456144005700;
384.0964622920614000, 776.7062882313744000;
366.7800162182677500, 768.7981322874006800;
349.9999999999999400, 759.8076211353316000;
333.8239808401668300, 749.7709563904313700;
318.3170938586999900, 738.7285521592496000;
303.5417798164145300, 726.7248723062774600;
289.5575336881036000, 713.8082514136588100;
276.4206650972736300, 700.0307001548875400;
264.1840715771637600, 685.4476958661815600;
252.8970255710501900, 670.1179591588312400;
242.6049760295068700, 654.1032174720219200;
233.3493654035229400, 637.4679565182229900;
225.1674627703791300, 620.2791606219841500;
218.0922137642274900, 602.6060429977006800;
212.1521079156507900, 584.5197670524288500;
207.3710639343779000, 566.0931598359623000;
203.7683333970816800, 547.4004187920048700;
201.3584232280746300, 528.5168129912547100;
200.1510372850444800, 509.5183800494202700;
200.1510372850444800, 490.4816199505796700;
201.3584232280746300, 471.4831870087452300;
203.7683333970817300, 452.5995812079948500;
207.3710639343779000, 433.9068401640377000;
212.1521079156507900, 415.4802329475710400;
218.0922137642274900, 397.3939570022992600;
225.1674627703791300, 379.7208393780158500;
233.3493654035229400, 362.5320434817769000;
242.6049760295069300, 345.8967825279780800;
252.8970255710502200, 329.8820408411687000;
264.1840715771637600, 314.5523041338184400;
276.4206650972736300, 299.9692998451124600;
289.5575336881036000, 286.1917485863411300;
303.5417798164145300, 273.2751276937224200;
318.3170938586999900, 261.2714478407504000;
333.8239808401668800, 250.2290436095686300;
350.0000000000001100, 240.1923788646683400;
366.7800162182678000, 231.2018677125992100;
384.0964622920616300, 223.2937117686254900;
401.8796110047736600, 216.4997543855993700;
420.0578558929896100, 210.8473524320173700;
438.5579995804428100, 206.3592661355663700;
457.3055485180144000, 203.0535674357202000;
476.2250129429633600, 200.9435672144173300;
495.2402108495577400, 200.0377616978374800;
514.2745747471227600, 200.3397982450976000;
533.2514599703032400, 201.8484606616237300;
552.0944533000792900, 204.5576740963376200;
570.7276806528282100, 208.4565295029374900;
589.0761125984825000, 213.5293275667778500;
607.0658664775614900, 219.7556419204679500;
624.6245039005660800, 227.1104013936445700;
641.6813224318048000, 235.5639909657254000;
658.1676402831509400, 245.0823710151458100;
674.0170728713595700, 255.6272143848993900;
689.1658001253567800, 267.1560607124730500;
703.5528234671396600, 279.6224874027400300;
717.1202114315210600, 292.9762965553663900;
729.8133329356933200, 307.1637170940381300;
741.5810772593176800, 322.1276212836079400;
752.3760598493543100, 337.8077547633207600;
762.1548131209353900, 354.1409791698593500;
770.8779614859863600, 371.0615263732484000;
778.5103799048217800, 388.5012633019015900;
785.0213353222836800, 406.3899662904541400;
790.3846104189069600, 424.6556038456764100;
794.5786091788120300, 443.2246266918770600;
797.5864438492385500, 462.0222639278753100;
799.3960029415652600, 480.9728241030306300;
