800.0000000000000000, 500.0000000000000000;
785.3169548885460900, 592.7050983124842100;
742.7050983124842100, 676.3355756877419900;
676.3355756877419900, 742.7050983124842100;
592.7050983124842100, 785.3169548885460900;
500.0000000000000000, 800.0000000000000000;
407.2949016875157900, 785.3169548885460900;
323.6644243122581200, 742.7050983124842100;
257.2949016875157900, 676.3355756877419900;
214.6830451114539600, 592.7050983124842100;
200.0000000000000000, 500.0000000000000600;
214.6830451114539100, 407.2949016875157900;
257.2949016875157900, 323.6644243122581200;
323.6644243122582300, 257.2949016875156800;
407.2949016875157300, 214.6830451114539600;
499.9999999999999400, 200.0000000000000000;
592.7050983124842100, 214.6830451114539100;
676.3355756877421100, 257.2949016875159000;
742.7050983124842100, 323.6644243122580100;
785.3169548885459800, 407.2949016875156800;
