800.0000000000000000, 500.0000000000000000;
799.9762182304442600, 503.7773662995369900;
799.9048766922608100, 507.5541337160415800;
799.7859866963031000, 511.3297034614312800;
799.6195670920010300, 515.1034769375086200;
799.4056442643725400, 518.8748558308658400;
799.1442521298402000, 522.6432422077446100;
798.8354321308540900, 526.4080386088355700;
798.4792332293209300, 530.1686481440024200;
798.0757118988424300, 533.9244745869160600;
797.6249321157602000, 537.6749224695836300;
797.1269653490139700, 541.4193971767564300;
796.5818905488095000, 545.1573050402039400;
795.9897941341021100, 548.8880534328367300;
795.3507699788949600, 552.6110508626643400;
794.6649193973563600, 556.3257070665739500;
793.9323511277559600, 560.0314331039134000;
793.1531813152255400, 563.7276414498650200;
792.3275334933446200, 567.4137460885946200;
791.4555385645547900, 571.0891626061618400;
790.5373347794058000, 574.7533082831756700;
789.5730677146364100, 578.4056021871820100;
788.5628902500940300, 582.0454652647677000;
787.5069625444965600, 585.6723204333666200;
786.4054520100397700, 589.2855926727531800;
785.2585332858549200, 592.8847091162091400;
784.0663882103206100, 596.4690991413488100;
782.8292057922334400, 600.0381944605882200;
781.5471821808409900, 603.5914292112447600;
780.2205206347439300, 607.1282400452515700;
778.8494314896700000, 610.6480662184740100;
777.4341321251265500, 614.1503496796124200;
775.9748469299358900, 617.6345351586790000;
774.4718072666593100, 621.1000702550326200;
772.9252514349163900, 624.5464055249596000;
771.3354246336030000, 627.9729945687853400;
769.7025789220166400, 631.3792941175031500;
768.0269731798935000, 634.7647641189069000;
766.3088730663645300, 638.1288678232140200;
764.5485509778361600, 641.4710718681640200;
762.7462860048033200, 644.7908463635808400;
760.9023638876012700, 648.0876649753843100;
759.0170769711023700, 651.3610050090379700;
757.0907241583667000, 654.6103474924191200;
755.1236108632520000, 657.8351772581004300;
753.1160489619920800, 661.0349830250261200;
751.0683567437503100, 664.2092574795735800;
748.9808588601565600, 667.3574973559859700;
746.8538862738346300, 670.4792035161611900;
744.6877762059308500, 673.5738810287894000;
742.4828720826481000, 676.6410392478208000;
740.2395234807980800, 679.6801918902556300;
737.9580860723774500, 682.6908571132420300;
735.6389215681774700, 685.6725575904697500;
733.2823976604369100, 688.6248205878478100;
730.8888879645458000, 691.5471780384546000;
728.4587719598110900, 694.4391666167467700;
725.9924349292914500, 697.3003278120185100;
723.4902678987130000, 700.1302080010948400;
720.9526675744737100, 702.9283585202524600;
718.3800362807478500, 705.6943357363522900;
715.7727818956993800, 708.4277011171761800;
713.1313177868146300, 711.1280213009533800;
710.4560627453651000, 713.7948681650683500;
707.7474409200101500, 716.4278188939372300;
705.0058817495501000, 719.0264560460436800;
702.2318198948411200, 721.5903676201213600;
699.4256951698816900, 724.1191471204756500;
696.5879524720820700, 726.6123936214310100;
693.7190417117283200, 729.0697118308958100;
690.8194177406509200, 731.4907121530342200;
687.8895402801104000, 733.8750107500345600;
684.9298738479107000, 736.2222296029648300;
681.9408876847521700, 738.5319965717060300;
678.9230556798357800, 740.8039454539530200;
675.8768562957301400, 743.0377160432740300;
672.8027724925137800, 745.2329541862196700;
669.7012916512039700, 747.3893118384725100;
666.5729054964851900, 749.5064471200273600;
663.4181100187479400, 751.5840243693951400;
660.2374053954529200, 753.6217141968196500;
657.0312959118289200, 755.6191935365019400;
653.8002898809221500, 757.5761456978193600;
650.5448995630049500, 759.4922604155367500;
647.2656410843599100, 761.3672338989958900;
643.9630343554499600, 763.2007688802818800;
640.6376029884893300, 764.9925746613516800;
637.2898742144277500, 766.7423671601243300;
633.9203787993601500, 768.4498689555200600;
630.5296509603763300, 770.1148093314438900;
627.1182282808638300, 771.7369243197069900;
623.6866516252757700, 773.3159567418772400;
620.2354650533806100, 774.8516562500530000;
616.7652157340032800, 776.3437793665557400;
613.2764538582744100, 777.7920895225315700;
609.7697325524008000, 779.1963570954578700;
606.2456077899686300, 780.5563594455491100;
602.7046383037981100, 781.8718809510555700;
599.1473854973578500, 783.1427130424484600;
595.5744133557578800, 784.3686542354882900;
591.9862883563323500, 785.5495101631688600;
588.3835793788269900, 786.6850936065329700;
584.7668576152061600, 787.7752245243557400;
581.1366964790937600, 788.8197300816884800;
577.4936715148599000, 789.8184446772617100;
573.8383603063729200, 790.7712099697394000;
570.1713423854247400, 791.6778749028241000;
566.4931991398495900, 792.5382957292058600;
562.8045137213481400, 793.3523360333525700;
559.1058709530307200, 794.1198667531380100;
555.3978572366972900, 794.8407662003043000;
551.6810604598661000, 795.5149200797544600;
547.9560699025664700, 796.1422215076738700;
544.2234761439120800, 796.7225710284757300;
540.4838709684669300, 797.2558766305697900;
536.7378472724210500, 797.7420537609497200;
532.9859989695900100, 798.1810253385990600;
529.2289208972516700, 798.5727217667116500;
525.4672087218392600, 798.9170809437264300;
521.7014588444998300, 799.2140482731726900;
517.9322683065385000, 799.4635766723263300;
514.1602346947606700, 799.6656265796750600;
510.3859560467271300, 799.8201659611899000;
506.6100307559381100, 799.9271703154042800;
502.8330574769611900, 799.9866226772991200;
499.0556350305171200, 799.9985136209918400;
495.2783623085403000, 799.9628412612312300;
491.5018381792268700, 799.8796112536961100;
487.7266613920871800, 799.7488367940991300;
483.9534304830172600, 799.5705386160939300;
480.1827436794033600, 799.3447449879884100;
476.4151988052764200, 799.0714917082625600;
472.6513931865297300, 798.7508220998934100;
468.8919235562157200, 798.3827870034859900;
465.1373859599370900, 797.9674447692123100;
461.3883756613466300, 797.5048612475613900;
457.6454870477706400, 796.9951097788975900;
453.9093135359726100, 796.4382711818343500;
450.1804474780688600, 795.8344337404192900;
446.4594800676148300, 795.1836931901385700;
442.7470012458736100, 794.4861527027374000;
439.0435996082840100, 793.7419228698634000;
435.3498623111414600, 792.9511216855323700;
431.6663749785074100, 792.1138745274213300;
427.9937216093610500, 791.2303141369898200;
424.3324844850098400, 790.3005805984355400;
420.6832440767707300, 789.3248213164831700;
417.0465789539401800, 788.3031909930153900;
413.4230656920641400, 787.2358516025451500;
409.8132787815250700, 786.1229723665352400;
406.2177905364594600, 784.9647297265692000;
402.6371710040197100, 783.7613073163772700;
399.0719878739965300, 782.5128959327225900;
395.5228063888139300, 781.2196935051504200;
391.9901892539132900, 779.8819050646085300;
388.4746965485388700, 778.4997427109394700;
384.9768856369398700, 777.0734255792540400;
381.4973110800032100, 775.6031798051874400;
378.0365245473308300, 774.0892384890478300;
374.5950747297746400, 772.5318416588586400;
371.1735072524447200, 770.9312362323032600;
367.7723645882026600, 769.2876759775774600;
364.3921859716557500, 767.6014214731566200;
361.0335073136633900, 765.8727400664806700;
357.6968611163712800, 764.1019058315685000;
354.3827763887857100, 762.2891995255649800;
351.0917785629017700, 760.4349085442274800;
347.8243894103991400, 758.5393268763616600;
344.5811269599168400, 756.6027550572100600;
341.3625054149229100, 754.6255001208041900;
338.1690350721897300, 752.6078755512857000;
335.0012222408890900, 750.5502012332050300;
331.8595691623195300, 748.4528034008053500;
328.7445739302779100, 746.3160145862991600;
325.6567304120893000, 744.1401735671479400;
322.5965281703069000, 741.9256253123494400;
319.5644523850940600, 739.6727209277455600;
316.5609837773014300, 737.3818176003557000;
313.5865985322511700, 735.0532785417466400;
310.6417682242396800, 732.6874729304468000;
307.7269597417719600, 730.2847758534155700;
304.8426352135389300, 727.8455682465738600;
301.9892519351487900, 725.3702368344099800;
299.1672622966257200, 722.8591740686653100;
296.3771137106847400, 720.3127780661135400;
293.6192485417971100, 717.7314525454406700;
290.8941040360555200, 715.1156067632380200;
288.2021122518509100, 712.4656554491159600;
285.5436999913719100, 709.7820187399513500;
282.9192887329367600, 707.0651221132760600;
280.3292945641706000, 704.3153963198199100;
277.7741281160365900, 701.5332773152173300;
275.2541944977322700, 698.7192061908884900;
272.7698932324618700, 695.8736291041068400;
270.3216181940932800, 692.9969972072625500;
267.9097575447116200, 690.0897665763348000;
265.5346936730779800, 687.1523981385828400;
263.1968031340035200, 684.1853575994684900;
260.8964565886485000, 681.1891153688210400;
258.6340187457560700, 678.1641464862557300;
256.4098483038288800, 675.1109305458580800;
254.2242978942595400, 672.0299516201475900;
252.0777140254227500, 668.9216981833296800;
249.9704370277377200, 665.7866630338505700;
247.9028009997109600, 662.6253432162670800;
245.8751337549660100, 659.4382399424416700;
243.8877567702705300, 656.2258585120782800;
241.9409851345676500, 652.9887082326097200;
240.0351274990200600, 649.7273023384487900;
238.1704860280752900, 646.4421579096185700;
236.3473563515582900, 643.1337957897708300;
234.5660275178013900, 639.8027405036089000;
232.8267819478167000, 636.4495201737277100;
231.1298953905198300, 633.0746664368812200;
229.4756368790113500, 629.6787143596953900;
227.8642686879225600, 626.2622023538350500;
226.2960462918333600, 622.8256720906415500;
224.7712183247680900, 619.3696684152533900;
223.2900265407755000, 615.8947392602237900;
221.8527057756000400, 612.4014355586488100;
220.4594839094500000, 608.8903111568193900;
219.1105818308676600, 605.3619227264114200;
217.8062134017089300, 601.8168296762286200;
216.5465854232364200, 598.2555940635107800;
215.3318976033322700, 594.6787805048221600;
214.1623425248352500, 591.0869560865352200;
213.0381056150077400, 587.4806902749203300;
211.9593651161371800, 583.8605548258608500;
210.9262920572765600, 580.2271236942035600;
209.9390502271286900, 576.5809729427605800;
208.9977961480782400, 572.9226806509784600;
208.1026790513759600, 569.2528268232855500;
207.2538408534786100, 565.5719932971353500;
206.4514161335488900, 561.8807636507592600;
205.6955321121186600, 558.1797231106423900;
204.9863086309186400, 554.4694584587401800;
204.3238581338781600, 550.7505579394453400;
203.7082856492975800, 547.0236111663255100;
203.1396887731967800, 543.2892090286428600;
202.6181576538415400, 539.5479435976708400;
202.1437749774512400, 535.8004080328254300;
201.7166159550890800, 532.0471964876209100;
201.3367483107380200, 528.2889040154714200;
201.0042322705632500, 524.5261264753467000;
200.7191205533636700, 520.7594604373024400;
200.4814583622136300, 516.9895030878965400;
200.2912833772963400, 513.2168521355087000;
200.1486257499294100, 509.4421057155760200;
200.0535080977850800, 505.6658622957616600;
200.0059455013039300, 501.8887205810709700;
200.0059455013039300, 498.1112794189293700;
200.0535080977850800, 494.3341377042385100;
200.1486257499294100, 490.5578942844241500;
200.2912833772962800, 486.7831478644914700;
200.4814583622136300, 483.0104969121036900;
200.7191205533636700, 479.2405395626977900;
201.0042322705631900, 475.4738735246535300;
201.3367483107380200, 471.7110959845288100;
201.7166159550890800, 467.9528035123792600;
202.1437749774511900, 464.1995919671749100;
202.6181576538415400, 460.4520564023293300;
203.1396887731967200, 456.7107909713574800;
203.7082856492975800, 452.9763888336746600;
204.3238581338781000, 449.2494420605548800;
204.9863086309186400, 445.5305415412600500;
205.6955321121186000, 441.8202768893577900;
206.4514161335488300, 438.1192363492409600;
207.2538408534785500, 434.4280067028648200;
208.1026790513759000, 430.7471731767146800;
208.9977961480781800, 427.0773193490217600;
209.9390502271285800, 423.4190270572397600;
210.9262920572764400, 419.7728763057968400;
211.9593651161371200, 416.1394451741393300;
213.0381056150076800, 412.5193097250798400;
214.1623425248352000, 408.9130439134649500;
215.3318976033322100, 405.3212194951780100;
216.5465854232363700, 401.7444059364894400;
217.8062134017088200, 398.1831703237716100;
219.1105818308675500, 394.6380772735887500;
220.4594839094499400, 391.1096888431807800;
221.8527057755999900, 387.5985644413513600;
223.2900265407753900, 384.1052607397763800;
224.7712183247679700, 380.6303315847469500;
226.2960462918333100, 377.1743279093586800;
227.8642686879224500, 373.7377976461651800;
229.4756368790112300, 370.3212856403048400;
231.1298953905197200, 366.9253335631190100;
232.8267819478165800, 363.5504798262725200;
234.5660275178012700, 360.1972594963912100;
236.3473563515582300, 356.8662042102293400;
238.1704860280751700, 353.5578420903815400;
240.0351274990199500, 350.2726976615514300;
241.9409851345674800, 347.0112917673906200;
243.8877567702703600, 343.7741414879220700;
245.8751337549659000, 340.5617600575585600;
247.9028009997108500, 337.3746567837330900;
249.9704370277376000, 334.2133369661495400;
252.0777140254226400, 331.0783018166704300;
254.2242978942594200, 327.9700483798525300;
256.4098483038287700, 324.8890694541420900;
258.6340187457559500, 321.8358535137445000;
260.8964565886483900, 318.8108846311790800;
263.1968031340033500, 315.8146424005316200;
265.5346936730777500, 312.8476018614174400;
267.9097575447114000, 309.9102334236654900;
270.3216181940931100, 307.0030027927375600;
272.7698932324617500, 304.1263708958932700;
275.2541944977321000, 301.2807938091116900;
277.7741281160364200, 298.4667226847828400;
280.3292945641704800, 295.6846036801802600;
282.9192887329365900, 292.9348778867241100;
285.5436999913717400, 290.2179812600488200;
288.2021122518507400, 287.5343445508842700;
290.8941040360553000, 284.8843932367622600;
293.6192485417968200, 282.2685474545595500;
296.3771137106845700, 279.6872219338866300;
299.1672622966256100, 277.1408259313348000;
301.9892519351486700, 274.6297631655901300;
304.8426352135386400, 272.1544317534263700;
307.7269597417717900, 269.7152241465846600;
310.6417682242394000, 267.3125270695533700;
313.5865985322510600, 264.9467214582535300;
316.5609837773013700, 262.6181823996443500;
319.5644523850937700, 260.3272790722546700;
322.5965281703066700, 258.0743746876507900;
325.6567304120889000, 255.8598264328524000;
328.7445739302776200, 253.6839854137010100;
331.8595691623194200, 251.5471965991948200;
335.0012222408888600, 249.4497987667951700;
338.1690350721894400, 247.3921244487144700;
341.3625054149224500, 245.3744998791960900;
344.5811269599167900, 243.3972449427900500;
347.8243894103992500, 241.4606731236383400;
351.0917785629017100, 239.5650914557725700;
354.3827763887856000, 237.7108004744351300;
357.6968611163710000, 235.8980941684316700;
361.0335073136632200, 234.1272599335195000;
364.3921859716554600, 232.3985785268435500;
367.7723645882024400, 230.7123240224225400;
371.1735072524443200, 229.0687637676969600;
374.5950747297743500, 227.4681583411414700;
378.0365245473303700, 225.9107615109523400;
381.4973110800031000, 224.3968201948126200;
384.9768856369397600, 222.9265744207460800;
388.4746965485386500, 221.5002572890605800;
391.9901892539132300, 220.1180949353915300;
395.5228063888137100, 218.7803064948497000;
399.0719878739963100, 217.4871040672775800;
402.6371710040193600, 216.2386926836228400;
406.2177905364592300, 215.0352702734309100;
409.8132787815246700, 213.8770276334648800;
413.4230656920638000, 212.7641483974549000;
417.0465789539399600, 211.6968090069846700;
420.6832440767706200, 210.6751786835169500;
424.3324844850097900, 209.6994194015645700;
427.9937216093608800, 208.7696858630101800;
431.6663749785072900, 207.8861254725787300;
435.3498623111411800, 207.0488783144676300;
439.0435996082837800, 206.2580771301366000;
442.7470012458732100, 205.5138472972626000;
446.4594800676145500, 204.8163068098614900;
450.1804474780684600, 204.1655662595807700;
453.9093135359722700, 203.5617288181657600;
457.6454870477707000, 203.0048902211024100;
461.3883756613464000, 202.4951387524387200;
465.1373859599370300, 202.0325552307876400;
468.8919235562154900, 201.6172129965140700;
472.6513931865295600, 201.2491779001065300;
476.4151988052761300, 200.9285082917374400;
480.1827436794031300, 200.6552550120116500;
483.9534304830168600, 200.4294613839060700;
487.7266613920869500, 200.2511632059008100;
491.5018381792264100, 200.1203887463038300;
495.2783623085402400, 200.0371587387688200;
499.0556350305171200, 200.0014863790081600;
502.8330574769609600, 200.0133773227008800;
506.6100307559380600, 200.0728296845956600;
510.3859560467269000, 200.1798340388101000;
514.1602346947605600, 200.3343734203248800;
517.9322683065381600, 200.5364233276735600;
521.7014588444994800, 200.7859517268273600;
525.4672087218388000, 201.0829190562735700;
529.2289208972514400, 201.4272782332883500;
532.9859989695895600, 201.8189746614009400;
536.7378472724210500, 202.2579462390502800;
540.4838709684669300, 202.7441233694302100;
544.2234761439118500, 203.2774289715242200;
547.9560699025663600, 203.8577784923261300;
551.6810604598658800, 204.4850799202454800;
555.3978572366971800, 205.1592337996957000;
559.1058709530303800, 205.8801332468618700;
562.8045137213479200, 206.6476639666473700;
566.4931991398492500, 207.4617042707940300;
570.1713423854244000, 208.3221250971758400;
573.8383603063726900, 209.2287900302606000;
577.4936715148597800, 210.1815553227382900;
581.1366964790936400, 211.1802699183114700;
584.7668576152060500, 212.2247754756442100;
588.3835793788268800, 213.3149063934669700;
591.9862883563321200, 214.4504898368310800;
595.5744133557577700, 215.6313457645115900;
599.1473854973575000, 216.8572869575514200;
602.7046383037977600, 218.1281190489443700;
606.2456077899682900, 219.4436405544507200;
609.7697325524004600, 220.8036429045420200;
613.2764538582742900, 222.2079104774683200;
616.7652157340030500, 223.6562206334441500;
620.2354650533804900, 225.1483437499470000;
623.6866516252755400, 226.6840432581227600;
627.1182282808636000, 228.2630756802929000;
630.5296509603761000, 229.8851906685559400;
633.9203787993599200, 231.5501310444798300;
637.2898742144274100, 233.2576328398754400;
640.6376029884891100, 235.0074253386481500;
643.9630343554495100, 236.7992311197179400;
647.2656410843599100, 238.6327661010039900;
650.5448995630050600, 240.5077395844633100;
653.8002898809220400, 242.4238543021804700;
657.0312959118288100, 244.3808064634980300;
660.2374053954527000, 246.3782858031801800;
663.4181100187479400, 248.4159756306048300;
666.5729054964848500, 250.4935528799724400;
669.7012916512037500, 252.6106881615273500;
672.8027724925134400, 254.7670458137800700;
675.8768562957299100, 256.9622839567258600;
678.9230556798354400, 259.1960545460467000;
681.9408876847521700, 261.4680034282938500;
684.9298738479107000, 263.7777703970351700;
687.8895402801101700, 266.1249892499653200;
690.8194177406508100, 268.5092878469656600;
693.7190417117281000, 270.9302881691039600;
696.5879524720819500, 273.3876063785688800;
699.4256951698814600, 275.8808528795240700;
702.2318198948410100, 278.4096323798784200;
705.0058817495497600, 280.9735439539561000;
707.7474409200099200, 283.5721811060624900;
710.4560627453649900, 286.2051318349315400;
713.1313177868145200, 288.8719786990465100;
715.7727818956993800, 291.5722988828238200;
718.3800362807477300, 294.3056642636474900;
720.9526675744737100, 297.0716414797474800;
723.4902678987127700, 299.8697919989049300;
725.9924349292913300, 302.6996721879813800;
728.4587719598108600, 305.5608333832528800;
730.8888879645456900, 308.4528219615452800;
733.2823976604365700, 311.3751794121518500;
735.6389215681772400, 314.3274424095300200;
737.9580860723773400, 317.3091428867578000;
740.2395234807979700, 320.3198081097443200;
742.4828720826479900, 323.3589607521792000;
744.6877762059307300, 326.4261189712104900;
746.8538862738346300, 329.5207964838386900;
748.9808588601563300, 332.6425026440138600;
751.0683567437502000, 335.7907425204261900;
753.1160489619918500, 338.9650169749736500;
755.1236108632517700, 342.1648227418993400;
757.0907241583664700, 345.3896525075804200;
759.0170769711023700, 348.6389949909620300;
760.9023638876011500, 351.9123350246154600;
762.7462860048033200, 355.2091536364190500;
764.5485509778361600, 358.5289281318359300;
766.3088730663644100, 361.8711321767857500;
768.0269731798935000, 365.2352358810929300;
769.7025789220165300, 368.6207058824965700;
771.3354246336028800, 372.0270054312144300;
772.9252514349161600, 375.4535944750400600;
774.4718072666592000, 378.8999297449671500;
775.9748469299356700, 382.3654648413205500;
777.4341321251265500, 385.8496503203874700;
778.8494314896700000, 389.3519337815257000;
780.2205206347439300, 392.8717599547482000;
781.5471821808409900, 396.4085707887551800;
782.8292057922333200, 399.9618055394115600;
784.0663882103206100, 403.5309008586510800;
785.2585332858548100, 407.1152908837905200;
786.4054520100396500, 410.7144073272465900;
787.5069625444964500, 414.3276795666329800;
788.5628902500939100, 417.9545347352320200;
789.5730677146363000, 421.5943978128178200;
790.5373347794056800, 425.2466917168242200;
791.4555385645546700, 428.9108373938378800;
792.3275334933445000, 432.5862539114052100;
793.1531813152254200, 436.2723585501349200;
793.9323511277558500, 439.9685668960863700;
794.6649193973562400, 443.6742929334259300;
795.3507699788949600, 447.3889491373353200;
795.9897941341020000, 451.1119465671630500;
796.5818905488092700, 454.8426949597956100;
797.1269653490138600, 458.5806028232432300;
797.6249321157602000, 462.3250775304161900;
798.0757118988424300, 466.0755254130838200;
798.4792332293209300, 469.8313518559975800;
798.8354321308539700, 473.5919613911642600;
799.1442521298402000, 477.3567577922552800;
799.4056442643725400, 481.1251441691338800;
799.6195670920010300, 484.8965230624912100;
799.7859866963031000, 488.6702965385683800;
799.9048766922608100, 492.4458662839582000;
799.9762182304442600, 496.2226337004625500;
