800.0000000000000000, 500.0000000000000000;
799.4080185284815300, 518.8371558587940600;
797.6344103943433800, 537.5999700692913200;
794.6861752186066500, 556.2143943757173500;
790.5749483385893700, 574.6069661494564100;
785.3169548885460900, 592.7050983124842100;
778.9329457664754300, 610.4373658054033700;
771.4481157398058700, 627.7337874695217600;
762.8920040131590700, 644.5261022305146500;
753.2983776506044900, 660.7480384936990300;
742.7050983124842100, 676.3355756877419900;
731.1539728327368300, 691.2271969246069100;
718.6905882264234200, 705.3641317786066300;
705.3641317786066300, 718.6905882264234200;
691.2271969246069100, 731.1539728327368300;
676.3355756877419900, 742.7050983124842100;
660.7480384936989100, 753.2983776506044900;
644.5261022305145400, 762.8920040131590700;
627.7337874695217600, 771.4481157398058700;
610.4373658054034900, 778.9329457664754300;
592.7050983124842100, 785.3169548885460900;
574.6069661494564100, 790.5749483385893700;
556.2143943757174600, 794.6861752186066500;
537.5999700692913200, 797.6344103943433800;
518.8371558587939500, 799.4080185284815300;
500.0000000000000000, 800.0000000000000000;
481.1628441412059900, 799.4080185284815300;
462.4000299307087400, 797.6344103943433800;
443.7856056242826000, 794.6861752186066500;
425.3930338505435300, 790.5749483385893700;
407.2949016875157900, 785.3169548885460900;
389.5626341945966800, 778.9329457664754300;
372.2662125304781900, 771.4481157398058700;
355.4738977694853500, 762.8920040131590700;
339.2519615063009700, 753.2983776506044900;
323.6644243122581200, 742.7050983124842100;
308.7728030753930900, 731.1539728327368300;
294.6358682213933700, 718.6905882264234200;
281.3094117735765800, 705.3641317786066300;
268.8460271672632900, 691.2271969246069100;
257.2949016875157900, 676.3355756877419900;
246.7016223493955600, 660.7480384936991400;
237.1079959868409300, 644.5261022305145400;
228.5518842601941900, 627.7337874695218700;
221.0670542335245700, 610.4373658054034900;
214.6830451114539600, 592.7050983124842100;
209.4250516614106900, 574.6069661494564100;
205.3138247813934100, 556.2143943757173500;
202.3655896056566200, 537.5999700692912000;
200.5919814715185200, 518.8371558587940600;
200.0000000000000000, 500.0000000000000600;
200.5919814715185200, 481.1628441412059900;
202.3655896056566800, 462.4000299307086800;
205.3138247813934100, 443.7856056242825400;
209.4250516614106300, 425.3930338505436500;
214.6830451114539600, 407.2949016875156800;
221.0670542335245700, 389.5626341945966300;
228.5518842601940700, 372.2662125304783000;
237.1079959868409300, 355.4738977694853500;
246.7016223493954500, 339.2519615063010900;
257.2949016875157900, 323.6644243122581200;
268.8460271672632300, 308.7728030753930900;
281.3094117735764700, 294.6358682213934800;
294.6358682213934200, 281.3094117735765300;
308.7728030753931400, 268.8460271672631700;
323.6644243122580100, 257.2949016875157900;
339.2519615063010900, 246.7016223493954200;
355.4738977694854600, 237.1079959868409300;
372.2662125304783600, 228.5518842601940700;
389.5626341945966800, 221.0670542335245700;
407.2949016875157300, 214.6830451114539600;
425.3930338505437000, 209.4250516614106300;
443.7856056242826000, 205.3138247813934100;
462.4000299307086300, 202.3655896056566800;
481.1628441412060500, 200.5919814715185200;
499.9999999999999400, 200.0000000000000000;
518.8371558587938400, 200.5919814715185200;
537.5999700692913200, 202.3655896056566200;
556.2143943757172300, 205.3138247813933500;
574.6069661494565300, 209.4250516614106900;
592.7050983124842100, 214.6830451114539100;
610.4373658054032600, 221.0670542335245200;
627.7337874695215300, 228.5518842601940200;
644.5261022305146500, 237.1079959868409900;
660.7480384936990300, 246.7016223493955100;
676.3355756877418800, 257.2949016875157300;
691.2271969246068000, 268.8460271672631200;
705.3641317786066300, 281.3094117735765300;
718.6905882264234200, 294.6358682213933100;
731.1539728327368300, 308.7728030753930900;
742.7050983124842100, 323.6644243122580100;
753.2983776506043800, 339.2519615063008600;
762.8920040131590700, 355.4738977694854000;
771.4481157398058700, 372.2662125304781300;
778.9329457664754300, 389.5626341945966300;
785.3169548885459800, 407.2949016875156800;
790.5749483385893700, 425.3930338505436500;
794.6861752186066500, 443.7856056242826000;
797.6344103943433800, 462.4000299307086300;
799.4080185284815300, 481.1628441412060500;
