800.0000000000000000, 500.0000000000000000;
799.9763132611448100, 503.7698119650057700;
799.9052567849900000, 507.5390286330012400;
799.7868417921768000, 511.3070548009803800;
799.6210869818053200, 515.0732954539308800;
799.4080185284815300, 518.8371558587940600;
799.1476700781842100, 522.5980416583797700;
798.8400827429517200, 526.3553589652229900;
798.4853050943900100, 530.1085144553644600;
798.0833931560025600, 533.8569154620445300;
797.6344103943433800, 537.5999700692913200;
797.1384277089953200, 541.3370872053914100;
796.5955234213742000, 545.0676767362271000;
796.0057832623604100, 548.7911495584651200;
795.3693003587616200, 552.5069176925827600;
794.6861752186066500, 556.2143943757173500;
793.9565157152740100, 559.9129941543220600;
793.1804370704580800, 563.6021329766164200;
792.3580618359731000, 567.2812282848143500;
791.4895198744021600, 570.9496991071173400;
790.5749483385893700, 574.6069661494564100;
789.6144916499821400, 578.2524518869690800;
788.6083014758257800, 581.8855806551976000;
787.5565367052126900, 585.5057787409928100;
786.4593634239929500, 589.1124744731105200;
785.3169548885460900, 592.7050983124842100;
784.1294914984232500, 596.2830829421628800;
782.8971607678593000, 599.8458633568959600;
781.6201572961622300, 603.3928769523551000;
780.2986827369836600, 606.9235636139752600;
778.9329457664754300, 610.4373658054033700;
777.5231620503374200, 613.9337286565403200;
776.0695542097611200, 617.4121000511606800;
774.5723517862752500, 620.8719307140987700;
773.0317912054986200, 624.3126742979852700;
771.4481157398058700, 627.7337874695217600;
769.8215754699112900, 631.1347299952798300;
768.1524272453791600, 634.5149648270096300;
766.4409346440634200, 637.8739581864463200;
764.6873679304860600, 641.2111796495997900;
762.8920040131590700, 644.5261022305146500;
761.0551264008577200, 647.8182024644875100;
759.1770251578506100, 651.0869604907281900;
757.2579968580956800, 654.3318601344519700;
755.2983445384076000, 657.5523889883886600;
753.2983776506044900, 660.7480384936990300;
751.2584120126425700, 663.9183040202807400;
749.1787697587437800, 667.0626849464563300;
747.0597792885282600, 670.1806847380269100;
744.9017752151552300, 673.2718110266803300;
742.7050983124842100, 676.3355756877419900;
740.4700954612629900, 679.3714949172556300;
738.1971195943506200, 682.3790893083815900;
735.8865296409857100, 685.3578839271002600;
733.5386904701069900, 688.3074083872101000;
731.1539728327368300, 691.2271969246069100;
728.7327533034343800, 694.1167884708332800;
726.2754142208311800, 696.9757267258869400;
723.7823436272545900, 699.8035602302754800;
721.2539352074521700, 702.5998424363073100;
718.6905882264234200, 705.3641317786066300;
716.0927074663720800, 708.0959917438415200;
713.4607031627856500, 710.7949909396547800;
710.7949909396547800, 713.4607031627856500;
708.0959917438415200, 716.0927074663720800;
705.3641317786066300, 718.6905882264234200;
702.5998424363073100, 721.2539352074521700;
699.8035602302754800, 723.7823436272547000;
696.9757267258869400, 726.2754142208311800;
694.1167884708332800, 728.7327533034343800;
691.2271969246069100, 731.1539728327368300;
688.3074083872102200, 733.5386904701069900;
685.3578839271003700, 735.8865296409856000;
682.3790893083815900, 738.1971195943506200;
679.3714949172556300, 740.4700954612629900;
676.3355756877419900, 742.7050983124842100;
673.2718110266803300, 744.9017752151551100;
670.1806847380269100, 747.0597792885282600;
667.0626849464564400, 749.1787697587437800;
663.9183040202807400, 751.2584120126425700;
660.7480384936989100, 753.2983776506044900;
657.5523889883887700, 755.2983445384074900;
654.3318601344519700, 757.2579968580955700;
651.0869604907281900, 759.1770251578506100;
647.8182024644875100, 761.0551264008577200;
644.5261022305146500, 762.8920040131590700;
641.2111796495997900, 764.6873679304860600;
637.8739581864463200, 766.4409346440634200;
634.5149648270097500, 768.1524272453791600;
631.1347299952798300, 769.8215754699112900;
627.7337874695217600, 771.4481157398058700;
624.3126742979852700, 773.0317912054986200;
620.8719307140987700, 774.5723517862752500;
617.4121000511607900, 776.0695542097610100;
613.9337286565403200, 777.5231620503374200;
610.4373658054033700, 778.9329457664754300;
606.9235636139752600, 780.2986827369836600;
603.3928769523552100, 781.6201572961622300;
599.8458633568959600, 782.8971607678593000;
596.2830829421627600, 784.1294914984232500;
592.7050983124842100, 785.3169548885460900;
589.1124744731104100, 786.4593634239929500;
585.5057787409928100, 787.5565367052126900;
581.8855806551976000, 788.6083014758257800;
578.2524518869690800, 789.6144916499822600;
574.6069661494564100, 790.5749483385893700;
570.9496991071174500, 791.4895198744021600;
567.2812282848143500, 792.3580618359731000;
563.6021329766164200, 793.1804370704580800;
559.9129941543221800, 793.9565157152740100;
556.2143943757173500, 794.6861752186066500;
552.5069176925827600, 795.3693003587616200;
548.7911495584651200, 796.0057832623604100;
545.0676767362271000, 796.5955234213742000;
541.3370872053914100, 797.1384277089953200;
537.5999700692913200, 797.6344103943433800;
533.8569154620445300, 798.0833931560025600;
530.1085144553644600, 798.4853050943900100;
526.3553589652229900, 798.8400827429517200;
522.5980416583797700, 799.1476700781842100;
518.8371558587940600, 799.4080185284815300;
515.0732954539308800, 799.6210869818053200;
511.3070548009803200, 799.7868417921768000;
507.5390286330012400, 799.9052567849900000;
503.7698119650058300, 799.9763132611448100;
500.0000000000000000, 800.0000000000000000;
496.2301880349942300, 799.9763132611448100;
492.4609713669987600, 799.9052567849900000;
488.6929451990196200, 799.7868417921768000;
484.9267045460691700, 799.6210869818053200;
481.1628441412060500, 799.4080185284815300;
477.4019583416201200, 799.1476700781840900;
473.6446410347770700, 798.8400827429517200;
469.8914855446355400, 798.4853050943900100;
466.1430845379554700, 798.0833931560025600;
462.4000299307087400, 797.6344103943433800;
458.6629127946085900, 797.1384277089953200;
454.9323232637728400, 796.5955234213742000;
451.2088504415349300, 796.0057832623604100;
447.4930823074172400, 795.3693003587616200;
443.7856056242826000, 794.6861752186066500;
440.0870058456779400, 793.9565157152740100;
436.3978670233836400, 793.1804370704580800;
432.7187717151856500, 792.3580618359731000;
429.0503008928826000, 791.4895198744021600;
425.3930338505435900, 790.5749483385893700;
421.7475481130309200, 789.6144916499821400;
418.1144193448024000, 788.6083014758257800;
414.4942212590071900, 787.5565367052126900;
410.8875255268895300, 786.4593634239929500;
407.2949016875157900, 785.3169548885460900;
403.7169170578372400, 784.1294914984232500;
400.1541366431040400, 782.8971607678593000;
396.6071230476449000, 781.6201572961622300;
393.0764363860248000, 780.2986827369836600;
389.5626341945966300, 778.9329457664754300;
386.0662713434596800, 777.5231620503374200;
382.5878999488393200, 776.0695542097611200;
379.1280692859011800, 774.5723517862752500;
375.6873257020147300, 773.0317912054986200;
372.2662125304781900, 771.4481157398058700;
368.8652700047201700, 769.8215754699112900;
365.4850351729903700, 768.1524272453791600;
362.1260418135536800, 766.4409346440634200;
358.7888203504003300, 764.6873679304860600;
355.4738977694854600, 762.8920040131590700;
352.1817975355124900, 761.0551264008577200;
348.9130395092717500, 759.1770251578506100;
345.6681398655480300, 757.2579968580956800;
342.4476110116112300, 755.2983445384074900;
339.2519615063010900, 753.2983776506046100;
336.0816959797192600, 751.2584120126425700;
332.9373150535435600, 749.1787697587437800;
329.8193152619730900, 747.0597792885282600;
326.7281889733197900, 744.9017752151552300;
323.6644243122581200, 742.7050983124842100;
320.6285050827444300, 740.4700954612631000;
317.6209106916183500, 738.1971195943506200;
314.6421160728996300, 735.8865296409856000;
311.6925916127899000, 733.5386904701069900;
308.7728030753930900, 731.1539728327368300;
305.8832115291667200, 728.7327533034343800;
303.0242732741131100, 726.2754142208311800;
300.1964397697245200, 723.7823436272547000;
297.4001575636926900, 721.2539352074521700;
294.6358682213934800, 718.6905882264235300;
291.9040082561585900, 716.0927074663720800;
289.2050090603451600, 713.4607031627855300;
286.5392968372144100, 710.7949909396547800;
283.9072925336279200, 708.0959917438415200;
281.3094117735764700, 705.3641317786066300;
278.7460647925478300, 702.5998424363074300;
276.2176563727454100, 699.8035602302754800;
273.7245857791688200, 696.9757267258869400;
271.2672466965657300, 694.1167884708334000;
268.8460271672632900, 691.2271969246069100;
266.4613095298930100, 688.3074083872102200;
264.1134703590144000, 685.3578839271003700;
261.8028804056493800, 682.3790893083815900;
259.5299045387370100, 679.3714949172556300;
257.2949016875157900, 676.3355756877419900;
255.0982247848448000, 673.2718110266803300;
252.9402207114717400, 670.1806847380269100;
250.8212302412562500, 667.0626849464564400;
248.7415879873575200, 663.9183040202807400;
246.7016223493954800, 660.7480384936990300;
244.7016554615925100, 657.5523889883887700;
242.7420031419043800, 654.3318601344519700;
240.8229748421493400, 651.0869604907281900;
238.9448735991422800, 647.8182024644875100;
237.1079959868409300, 644.5261022305145400;
235.3126320695140000, 641.2111796495996700;
233.5590653559366400, 637.8739581864464300;
231.8475727546209000, 634.5149648270096300;
230.1784245300887100, 631.1347299952798300;
228.5518842601941900, 627.7337874695218700;
226.9682087945013200, 624.3126742979852700;
225.4276482137247500, 620.8719307140988800;
223.9304457902389300, 617.4121000511607900;
222.4768379496625800, 613.9337286565403200;
221.0670542335245700, 610.4373658054032600;
219.7013172630163900, 606.9235636139752600;
218.3798427038377700, 603.3928769523551000;
217.1028392321406400, 599.8458633568959600;
215.8705085015767500, 596.2830829421628800;
214.6830451114539600, 592.7050983124842100;
213.5406365760071000, 589.1124744731105200;
212.4434632947872500, 585.5057787409929200;
211.3916985241742700, 581.8855806551976000;
210.3855083500178600, 578.2524518869690800;
209.4250516614106900, 574.6069661494564100;
208.5104801255978400, 570.9496991071173400;
207.6419381640268400, 567.2812282848143500;
206.8195629295419700, 563.6021329766164200;
206.0434842847259300, 559.9129941543221800;
205.3138247813934100, 556.2143943757173500;
204.6306996412383800, 552.5069176925828700;
203.9942167376395900, 548.7911495584651200;
203.4044765786258000, 545.0676767362271000;
202.8615722910046800, 541.3370872053915300;
202.3655896056566800, 537.5999700692913200;
201.9166068439974400, 533.8569154620444100;
201.5146949056099300, 530.1085144553644600;
201.1599172570482800, 526.3553589652229900;
200.8523299218157900, 522.5980416583797700;
200.5919814715185200, 518.8371558587940600;
200.3789130181947400, 515.0732954539308800;
200.2131582078232000, 511.3070548009803800;
200.0947432150100000, 507.5390286330013500;
200.0236867388551900, 503.7698119650058300;
200.0000000000000000, 500.0000000000000600;
200.0236867388551900, 496.2301880349942300;
200.0947432150100000, 492.4609713669987100;
200.2131582078232600, 488.6929451990195600;
200.3789130181947400, 484.9267045460691700;
200.5919814715185200, 481.1628441412059900;
200.8523299218157900, 477.4019583416201700;
201.1599172570482800, 473.6446410347771200;
201.5146949056099300, 469.8914855446356000;
201.9166068439975000, 466.1430845379555300;
202.3655896056566200, 462.4000299307088500;
202.8615722910046200, 458.6629127946086400;
203.4044765786258000, 454.9323232637727900;
203.9942167376395900, 451.2088504415349300;
204.6306996412383800, 447.4930823074171800;
205.3138247813934100, 443.7856056242825400;
206.0434842847259300, 440.0870058456779400;
206.8195629295419700, 436.3978670233836400;
207.6419381640268400, 432.7187717151856500;
208.5104801255977800, 429.0503008928826600;
209.4250516614106300, 425.3930338505436500;
210.3855083500178000, 421.7475481130309700;
211.3916985241742200, 418.1144193448024000;
212.4434632947872500, 414.4942212590071300;
213.5406365760071000, 410.8875255268894800;
214.6830451114539100, 407.2949016875157900;
215.8705085015766900, 403.7169170578371800;
217.1028392321407000, 400.1541366431039800;
218.3798427038377700, 396.6071230476449600;
219.7013172630163900, 393.0764363860248500;
221.0670542335245700, 389.5626341945966300;
222.4768379496625200, 386.0662713434597900;
223.9304457902388800, 382.5878999488393200;
225.4276482137247500, 379.1280692859011200;
226.9682087945012700, 375.6873257020147900;
228.5518842601941300, 372.2662125304781900;
230.1784245300887100, 368.8652700047200600;
231.8475727546208400, 365.4850351729903700;
233.5590653559366400, 362.1260418135536800;
235.3126320695140000, 358.7888203504002100;
237.1079959868408800, 355.4738977694854600;
238.9448735991422800, 352.1817975355126000;
240.8229748421493900, 348.9130395092718100;
242.7420031419042600, 345.6681398655481400;
244.7016554615924500, 342.4476110116112300;
246.7016223493955100, 339.2519615063009700;
248.7415879873574600, 336.0816959797193100;
250.8212302412562200, 332.9373150535436100;
252.9402207114718000, 329.8193152619730300;
255.0982247848447700, 326.7281889733197900;
257.2949016875157900, 323.6644243122581200;
259.5299045387370100, 320.6285050827443700;
261.8028804056493200, 317.6209106916184600;
264.1134703590142900, 314.6421160728997400;
266.4613095298929000, 311.6925916127899000;
268.8460271672632300, 308.7728030753930900;
271.2672466965656200, 305.8832115291667200;
273.7245857791688800, 303.0242732741130600;
276.2176563727453000, 300.1964397697245200;
278.7460647925478300, 297.4001575636926900;
281.3094117735765800, 294.6358682213933700;
283.9072925336278700, 291.9040082561585900;
286.5392968372143500, 289.2050090603452800;
289.2050090603452200, 286.5392968372144100;
291.9040082561584200, 283.9072925336280400;
294.6358682213934200, 281.3094117735765300;
297.4001575636926900, 278.7460647925478300;
300.1964397697245200, 276.2176563727454100;
303.0242732741130600, 273.7245857791688200;
305.8832115291667200, 271.2672466965656200;
308.7728030753931400, 268.8460271672631700;
311.6925916127899000, 266.4613095298929000;
314.6421160728996300, 264.1134703590144000;
317.6209106916182900, 261.8028804056494900;
320.6285050827442500, 259.5299045387370700;
323.6644243122580100, 257.2949016875157900;
326.7281889733196700, 255.0982247848448300;
329.8193152619730900, 252.9402207114717700;
332.9373150535434400, 250.8212302412563300;
336.0816959797193700, 248.7415879873574300;
339.2519615063008600, 246.7016223493955600;
342.4476110116111700, 244.7016554615925100;
345.6681398655482600, 242.7420031419042100;
348.9130395092717000, 240.8229748421494500;
352.1817975355124900, 238.9448735991423400;
355.4738977694854600, 237.1079959868409300;
358.7888203504002700, 235.3126320695140000;
362.1260418135534600, 233.5590653559367500;
365.4850351729904200, 231.8475727546208400;
368.8652700047200000, 230.1784245300887600;
372.2662125304781300, 228.5518842601941900;
375.6873257020146800, 226.9682087945013200;
379.1280692859011800, 225.4276482137247500;
382.5878999488392700, 223.9304457902388800;
386.0662713434596800, 222.4768379496625800;
389.5626341945966800, 221.0670542335245700;
393.0764363860246200, 219.7013172630164500;
396.6071230476450200, 218.3798427038377100;
400.1541366431039300, 217.1028392321407000;
403.7169170578370700, 215.8705085015767500;
407.2949016875157300, 214.6830451114539600;
410.8875255268894800, 213.5406365760071000;
414.4942212590069100, 212.4434632947873100;
418.1144193448024600, 211.3916985241742200;
421.7475481130309700, 210.3855083500178000;
425.3930338505434200, 209.4250516614106900;
429.0503008928827200, 208.5104801255977800;
432.7187717151855400, 207.6419381640269000;
436.3978670233835300, 206.8195629295419700;
440.0870058456778800, 206.0434842847259300;
443.7856056242826000, 205.3138247813934100;
447.4930823074169600, 204.6306996412384400;
451.2088504415349900, 203.9942167376395900;
454.9323232637729600, 203.4044765786258000;
458.6629127946084700, 202.8615722910046800;
462.4000299307089100, 202.3655896056566200;
466.1430845379554200, 201.9166068439975000;
469.8914855446354900, 201.5146949056099900;
473.6446410347770100, 201.1599172570482800;
477.4019583416202300, 200.8523299218157900;
481.1628441412057700, 200.5919814715185200;
484.9267045460692300, 200.3789130181947400;
488.6929451990195000, 200.2131582078232600;
492.4609713669986500, 200.0947432150100000;
496.2301880349944000, 200.0236867388551900;
499.9999999999999400, 200.0000000000000000;
503.7698119650057700, 200.0236867388551900;
507.5390286330012400, 200.0947432150100000;
511.3070548009803800, 200.2131582078232600;
515.0732954539306500, 200.3789130181947400;
518.8371558587940600, 200.5919814715185200;
522.5980416583796600, 200.8523299218157900;
526.3553589652228800, 201.1599172570482800;
530.1085144553644600, 201.5146949056099300;
533.8569154620445300, 201.9166068439975000;
537.5999700692913200, 202.3655896056566200;
541.3370872053914100, 202.8615722910046200;
545.0676767362272100, 203.4044765786258000;
548.7911495584648900, 203.9942167376395300;
552.5069176925829900, 204.6306996412383800;
556.2143943757172300, 205.3138247813933500;
559.9129941543220600, 206.0434842847259300;
563.6021329766163000, 206.8195629295419700;
567.2812282848143500, 207.6419381640268400;
570.9496991071171100, 208.5104801255977800;
574.6069661494565300, 209.4250516614106900;
578.2524518869692000, 210.3855083500178600;
581.8855806551973700, 211.3916985241742200;
585.5057787409930400, 212.4434632947872500;
589.1124744731104100, 213.5406365760071000;
592.7050983124842100, 214.6830451114539100;
596.2830829421627600, 215.8705085015766900;
599.8458633568959600, 217.1028392321406400;
603.3928769523548700, 218.3798427038377100;
606.9235636139752600, 219.7013172630163900;
610.4373658054032600, 221.0670542335245200;
613.9337286565402100, 222.4768379496625200;
617.4121000511609100, 223.9304457902389300;
620.8719307140987700, 225.4276482137246900;
624.3126742979852700, 226.9682087945012700;
627.7337874695217600, 228.5518842601941300;
631.1347299952799400, 230.1784245300887100;
634.5149648270095200, 231.8475727546207800;
637.8739581864464300, 233.5590653559367000;
641.2111796495996700, 235.3126320695139400;
644.5261022305144300, 237.1079959868408800;
647.8182024644876300, 238.9448735991424000;
651.0869604907281900, 240.8229748421493900;
654.3318601344519700, 242.7420031419043200;
657.5523889883886600, 244.7016554615924500;
660.7480384936990300, 246.7016223493955100;
663.9183040202806300, 248.7415879873573800;
667.0626849464565600, 250.8212302412562700;
670.1806847380269100, 252.9402207114717100;
673.2718110266802100, 255.0982247848447500;
676.3355756877418800, 257.2949016875157300;
679.3714949172556300, 259.5299045387370100;
682.3790893083815900, 261.8028804056493800;
685.3578839271003700, 264.1134703590143400;
688.3074083872102200, 266.4613095298930100;
691.2271969246068000, 268.8460271672631200;
694.1167884708334000, 271.2672466965657300;
696.9757267258868300, 273.7245857791688200;
699.8035602302754800, 276.2176563727453000;
702.5998424363073100, 278.7460647925478300;
705.3641317786066300, 281.3094117735765300;
708.0959917438413000, 283.9072925336277500;
710.7949909396547800, 286.5392968372144700;
713.4607031627856500, 289.2050090603453300;
716.0927074663719600, 291.9040082561583600;
718.6905882264235300, 294.6358682213934800;
721.2539352074520600, 297.4001575636925700;
723.7823436272545900, 300.1964397697244600;
726.2754142208311800, 303.0242732741130600;
728.7327533034343800, 305.8832115291667200;
731.1539728327366000, 308.7728030753929100;
733.5386904701071000, 311.6925916127899000;
735.8865296409856000, 314.6421160728995700;
738.1971195943505100, 317.6209106916182900;
740.4700954612631000, 320.6285050827444800;
742.7050983124842100, 323.6644243122580100;
744.9017752151551100, 326.7281889733196700;
747.0597792885282600, 329.8193152619730900;
749.1787697587437800, 332.9373150535436100;
751.2584120126423400, 336.0816959797191400;
753.2983776506046100, 339.2519615063010900;
755.2983445384074900, 342.4476110116111700;
757.2579968580955700, 345.6681398655479700;
759.1770251578504900, 348.9130395092717000;
761.0551264008577200, 352.1817975355124900;
762.8920040131590700, 355.4738977694854000;
764.6873679304860600, 358.7888203504002100;
766.4409346440634200, 362.1260418135536800;
768.1524272453790400, 365.4850351729901400;
769.8215754699112900, 368.8652700047202300;
771.4481157398058700, 372.2662125304781300;
773.0317912054986200, 375.6873257020146800;
774.5723517862752500, 379.1280692859011200;
776.0695542097610100, 382.5878999488392700;
777.5231620503373100, 386.0662713434594500;
778.9329457664754300, 389.5626341945966300;
780.2986827369836600, 393.0764363860248500;
781.6201572961622300, 396.6071230476447300;
782.8971607678593000, 400.1541366431041500;
784.1294914984232500, 403.7169170578370700;
785.3169548885459800, 407.2949016875156800;
786.4593634239929500, 410.8875255268894800;
787.5565367052126900, 414.4942212590071300;
788.6083014758257800, 418.1144193448021700;
789.6144916499822600, 421.7475481130309700;
790.5749483385893700, 425.3930338505433600;
791.4895198744021600, 429.0503008928824300;
792.3580618359731000, 432.7187717151857700;
793.1804370704580800, 436.3978670233835300;
793.9565157152740100, 440.0870058456778200;
794.6861752186066500, 443.7856056242826000;
795.3693003587616200, 447.4930823074171800;
796.0057832623604100, 451.2088504415347100;
796.5955234213742000, 454.9323232637729600;
797.1384277089953200, 458.6629127946084200;
797.6344103943433800, 462.4000299307086300;
798.0833931560025600, 466.1430845379556400;
798.4853050943900100, 469.8914855446354900;
798.8400827429517200, 473.6446410347770100;
799.1476700781842100, 477.4019583416201700;
799.4080185284815300, 481.1628441412060500;
799.6210869818053200, 484.9267045460689500;
799.7868417921768000, 488.6929451990197300;
799.9052567849900000, 492.4609713669985900;
799.9763132611448100, 496.2301880349941100;
