800.0000000000000000, 500.0000000000000000;
799.9940663956049300, 501.8868299948203500;
799.9762658171375700, 503.7735853516223300;
799.9465989687419100, 505.6601914353401500;
799.9050670239601000, 507.5465736168127400;
799.8516716256864400, 509.4326572757361800;
799.7864148861019700, 511.3183678036151600;
799.7092993865912800, 513.2036306067144600;
799.6203281776402000, 515.0883711090098100;
799.5195047787149200, 516.9725147551376900;
799.4068331781234100, 518.8559870133445900;
799.2823178328567300, 520.7387133784353600;
799.1459636684139700, 522.6206193747204900;
798.9977760786058500, 524.5016305589620100;
798.8377609253428800, 526.3816725233183400;
798.6659245384023500, 528.2606708982879100;
798.4822737151786200, 530.1385513556504100;
798.2868157204138700, 532.0152396114076500;
798.0795582859109300, 533.8906614287218400;
797.8605096102271500, 535.7647426208519600;
797.6296783583504700, 537.6374090540888300;
797.3870736613566800, 539.5085866506871100;
797.1327051160474200, 541.3782013917961000;
796.8665827845716200, 543.2461793203874500;
796.5887171940268000, 545.1124465441810100;
796.2991193360429600, 546.9769292385673200;
795.9978006663475300, 548.8395536495282800;
795.6847731043125100, 550.7002460965546800;
795.3600490324826100, 552.5589329755606500;
795.0236412960855400, 554.4155407617953400;
794.6755632025244700, 556.2699960127511100;
794.3158285208503500, 558.1222253710692500;
793.9444514812188300, 559.9721555674414000;
793.5614467743258700, 561.8197134235077800;
793.1668295508277400, 563.6648258547523900;
792.7606154207408100, 565.5074198733935900;
792.3428204528249800, 567.3474225912717700;
791.9134611739471000, 569.1847612227320500;
791.4725545684281100, 571.0193630875039600;
791.0201180773701700, 572.8511556135761100;
790.5561695979679400, 574.6800663400674700;
790.0807274827994900, 576.5060229200930700;
789.5938105391010100, 578.3289531236264300;
789.0954380280226100, 580.1487848403563700;
788.5856296638664800, 581.9654460825397600;
788.0644056133069200, 583.7788649878490300;
787.5317864945925500, 585.5889698222149500;
786.9877933767313600, 587.3956889826641800;
786.4324477786560700, 589.1989510001517400;
785.8657716683740100, 590.9986845423879900;
785.2877874620976400, 592.7948184166606300;
784.6985180233575600, 594.5872815726506800;
784.0979866620989500, 596.3760031052431700;
783.4862171337584900, 598.1609122573314600;
782.8632336383252600, 599.9419384226172300;
782.2290608193832200, 601.7190111484026100;
781.5837237631367300, 603.4920601383771600;
780.9272479974176800, 605.2610152553991200;
780.2596594906759700, 607.0258065242695700;
779.5809846509521300, 608.7863641345001000;
778.8912503248332100, 610.5426184430749600;
778.1904837963896900, 612.2944999772056500;
777.4787127860975000, 614.0419394370790100;
776.7559654497406400, 615.7848676985986500;
776.0222703772974500, 617.5232158161192000;
775.2776565918100000, 619.2569150251738400;
774.5221535482357900, 620.9858967451944000;
773.7557911322828700, 622.7100925822237500;
772.9785996592270300, 624.4294343316221300;
772.1906098727133700, 626.1438539807643300;
771.3918529435394500, 627.8532837117305700;
770.5823604684228500, 629.5576559039891400;
769.7621644687510500, 631.2569031370712800;
768.9312973893145200, 632.9509581932378500;
768.0897920970237500, 634.6397540601386700;
767.2376818796085400, 636.3232239334631700;
766.3750004443019200, 638.0013012195833000;
765.5017819165061600, 639.6739195381871900;
764.6180608384434000, 641.3410127249053400;
763.7238721677886100, 643.0025148339282200;
762.8192512762874500, 644.6583601406143800;
761.9042339483564800, 646.3084831440903600;
760.9788563796678300, 647.9528185698422900;
760.0431551757178600, 649.5913013722974900;
759.0971673503781900, 651.2238667373974300;
758.1409303244322500, 652.8504500851619200;
757.1744819240950600, 654.4709870722438200;
756.1978603795162100, 656.0854135944737200;
755.2111043232685000, 657.6936657893961600;
754.2142527888188400, 659.2956800387960400;
753.2073452089850900, 660.8913929712147100;
752.1904214143754600, 662.4807414644569700;
751.1635216318131800, 664.0636626480882100;
750.1266864827455300, 665.6400939059210500;
749.0799569816362000, 667.2099728784926400;
748.0233745343439300, 668.7732374655311100;
746.9569809364835500, 670.3298258284123700;
745.8808183717734400, 671.8796763926059200;
744.7949294103664200, 673.4227278501111900;
743.6993570071657600, 674.9589191618820200;
742.5941445001265000, 676.4881895602416100;
741.4793356085404000, 678.0104785512860400;
740.3549744313072600, 679.5257259172780100;
739.2211054451897800, 681.0338717190278400;
738.0777735030544600, 682.5348562982651400;
736.9250238320978500, 684.0286202799985600;
735.7629020320564500, 685.5151045748646100;
734.5914540734038400, 686.9942503814650100;
733.4107262955318400, 688.4659991886926500;
732.2207654049171900, 689.9302927780463500;
731.0216184732744300, 691.3870732259335900;
729.8133329356934400, 692.8362829059617500;
728.5959565887635600, 694.2778644912182200;
727.3695375886823100, 695.7117609565373200;
726.1341244493507900, 697.1379155807565000;
724.8897660404547900, 698.5562719489604400;
723.6365115855308000, 699.9667739547115800;
722.3744106600200900, 701.3693658022707500;
721.1035131893063400, 702.7639920088037100;
719.8238694467419200, 704.1505974065756800;
718.5355300516582700, 705.5291271451342300;
717.2385459673640800, 706.8995266934786100;
715.9329684991290600, 708.2617418422167900;
714.6188492921545500, 709.6157187057102600;
713.2962403295307500, 710.9614037242051800;
711.9651939301797900, 712.2987436659512900;
710.6257627467867900, 713.6276856293076200;
709.2779997637169300, 714.9481770448348900;
707.9219582949191400, 716.2601656773755400;
706.5576919818177000, 717.5635996281191600;
705.1852547911896600, 718.8584273366565200;
703.8047010130309200, 720.1445975830183700;
702.4160852584077500, 721.4220594897017200;
701.0194624572972100, 722.6907625236827900;
699.6148878564138200, 723.9506564984155800;
698.2024170170244600, 725.2016915758172200;
696.7821058127502700, 726.4438182682396200;
695.3540104273566800, 727.6769874404267300;
693.9181873525308200, 728.9011503114582000;
692.4746933856465600, 730.1162584566795900;
691.0235856275181700, 731.3222638096174300;
689.5649214801417200, 732.5191186638804800;
688.0987586444234700, 733.7067756750473100;
686.6251551178988800, 734.8851878625389400;
685.1441691924366100, 736.0543086114769300;
683.6558594519340200, 737.2140916745281600;
682.1602847699995200, 738.3644911737330900;
680.6575043076228400, 739.5054616023218200;
679.1475775108358400, 740.6369578265131400;
677.6305641083603200, 741.7589350873007600;
676.1065241092455800, 742.8713490022231600;
674.5755178004945900, 743.9741555671198500;
673.0376057446790100, 745.0673111578715900;
671.4928487775436000, 746.1507725321262100;
669.9413080056001500, 747.2244968310093300;
668.3830448037094800, 748.2884415808193800;
666.8181208126543400, 749.3425646947080200;
665.2465979367002500, 750.3868244743451900;
663.6685383411476100, 751.4211796115679400;
662.0840044498720500, 752.4455891900149700;
660.4930589428555500, 753.4600126867453600;
658.8957647537062000, 754.4644099738407000;
657.2921850671696100, 755.4587413199933500;
655.6823833166288300, 756.4429673920777800;
654.0664231815955000, 757.4170492567062600;
652.4443685851907700, 758.3809483817692600;
650.8162836916164900, 759.3346266379594500;
649.1822329036172100, 760.2780463002803800;
647.5422808599324800, 761.2111700495382800;
645.8964924327400500, 762.1339609738186000;
644.2449327250894800, 763.0463825699459900;
642.5876670683269400, 763.9483987449288000;
640.9247610195112700, 764.8399738173859500;
639.2562803588198200, 765.7210725189588600;
637.5822910869472900, 766.5916599957067800;
635.9028594224942000, 767.4517018094851400;
634.2180517993481300, 768.3011639393081400;
632.5279348640549400, 769.1400127826941600;
630.8325754731834000, 769.9682151569954800;
629.1320406906794500, 770.7857383007101400;
627.4263977852143600, 771.5925498747790200;
625.7157142275229900, 772.3886179638639100;
624.0000576877351900, 773.1739110776106800;
622.2794960326988300, 773.9483981518949300;
620.5540973232953100, 774.7120485500506700;
618.8239298117471200, 775.4648320640822000;
617.0890619389176700, 776.2067189158589100;
615.3495623316047200, 776.9376797582937100;
613.6054997998250000, 777.6576856765034300;
611.8569433340926500, 778.3667081889527700;
610.1039621026895900, 779.0647192485812400;
608.3466254489303500, 779.7516912439122100;
606.5850028884181000, 780.4275970001452800;
604.8191641062953700, 781.0924097802313800;
603.0491789544870500, 781.7461032859303000;
601.2751174489376400, 782.3886516588509000;
599.4970497668417700, 783.0200294814743500;
597.7150462438671600, 783.6402117781590300;
595.9291773713735000, 784.2491740161290200;
594.1395137936235600, 784.8468921064439900;
592.3461263049882700, 785.4333424049530100;
590.5490858471470100, 786.0085017132287200;
588.7484635062807000, 786.5723472794860500;
586.9443305102603300, 787.1248567994812200;
585.1367582258291100, 787.6660084173948900;
583.3258181557791900, 788.1957807266962800;
581.5115819361237800, 788.7141527709900400;
579.6941213332629600, 789.2211040448451100;
577.8735082411446900, 789.7166144946063500;
576.0498146784214000, 790.2006645191870600;
574.2231127856007300, 790.6732349708448700;
572.3934748221917100, 791.1343071559390400;
570.5609731638469400, 791.5838628356700600;
568.7256802994990000, 792.0218842268008100;
566.8876688284931300, 792.4483540023602500;
565.0470114577158300, 792.8632552923288600;
563.2037809987178900, 793.2665716843058600;
561.3580503648353200, 793.6582872241583600;
559.5098925683039400, 794.0383864166528800;
557.6593807173718500, 794.4068542260679400;
555.8065880134075800, 794.7636760767883300;
553.9515877480039300, 795.1088378538829600;
552.0944533000791800, 795.4423259036624400;
550.2352581329738500, 795.7641270342187500;
548.3740757915456900, 796.0742285159479900;
546.5109798992593800, 796.3726180820533500;
544.6460441552748100, 796.6592839290307200;
542.7793423315313200, 796.9342147171350900;
540.9109482698299900, 797.1973995708294800;
539.0409358789123600, 797.4488280792154500;
537.1693791315365200, 797.6884902964441200;
535.2963520615516000, 797.9163767421102900;
533.4219287609685100, 798.1324784016272800;
531.5461833770294800, 798.3367867265833400;
529.6691901092749500, 798.5292936350797400;
527.7910232066082000, 798.7099915120513700;
525.9117569643585700, 798.8788732095663400;
524.0314657213422200, 799.0359320471102400;
522.1502238569216800, 799.1811618118497300;
520.2681057880636200, 799.3145567588784400;
518.3851859663949400, 799.4361116114439500;
516.5015388752578900, 799.5458215611568000;
514.6172390267636300, 799.6436822681807800;
512.7323609588444200, 799.7296898614044900;
510.8469792323056700, 799.8038409385942500;
508.9611684278759800, 799.8661325665291300;
507.0750031432571100, 799.9165622811166300;
505.1885579901732500, 799.9551280874901500;
503.3019075914194200, 799.9818284600880800;
501.4151265779096900, 799.9966623427142200;
499.5282895857246800, 799.9996291485792900;
497.6414712531595200, 799.9907287603241500;
495.7547462177713600, 799.9699615300246500;
493.8681891134265800, 799.9373282791777900;
491.9818745673486000, 799.8928302986689700;
490.0958771971659800, 799.8364693487208100;
488.2102716079606400, 799.7682476588238400;
486.3251323893167100, 799.6881679276482400;
484.4405341123696800, 799.5962333229370000;
482.5565513268572900, 799.4924474813804000;
480.6732585581696100, 799.3768145084729900;
478.7907303044016200, 799.2493389783499000;
476.9090410334062000, 799.1100259336070600;
475.0282651798481800, 798.9588808851010500;
473.1484771422600500, 798.7959098117312400;
471.2697512800988300, 798.6211191602037600;
469.3921619108048200, 798.4345158447756600;
467.5157833068614700, 798.2361072469817600;
465.6406896928577900, 798.0259012153432000;
463.7669552425517200, 797.8039060650560300;
461.8946540759364400, 797.5701305776631200;
460.0238602563081800, 797.3245840007059500;
458.1546477873363300, 797.0672760473595400;
456.2870906101365400, 796.7982168960480700;
454.4212626003453000, 796.5174171900419000;
452.5572375651977400, 796.2248880370366400;
450.6950892406081300, 795.9206410087143700;
448.8348912882530600, 795.6046881402849100;
446.9767172926575500, 795.2770419300106800;
445.1206407582840300, 794.9377153387113100;
443.2667351066251600, 794.5867217892520100;
441.4150736732990500, 794.2240751660119700;
439.5657297051485000, 793.8497898143349400;
437.7187763573434200, 793.4638805399624700;
435.8742866904873400, 793.0663626084477800;
434.0323336677267300, 792.6572517445515600;
432.1929901518653300, 792.2365641316208700;
430.3563289024815500, 791.8043164109481000;
428.5224225730505600, 791.3605256811129000;
426.6913437080698900, 790.9052094973062600;
424.8631647401904300, 790.4383858706355600;
423.0379579873505200, 789.9600732674123300;
421.2157956499154400, 789.4702906084216900;
419.3967498078216600, 788.9690572681738600;
417.5808924177251200, 788.4563930741376200;
415.7682953101552200, 787.9323183059566400;
413.9590301866729200, 787.3968536946466700;
412.1531686170349100, 786.8500204217753000;
410.3507820363620900, 786.2918401186245800;
408.5519417423140600, 785.7223348653353700;
406.7567188922687400, 785.1415271900334600;
404.9651845005072300, 784.5494400679385800;
403.1774094354053100, 783.9460969204558300;
401.3934644166294000, 783.3315216142486900;
399.6134200123396500, 782.7057384602956100;
397.8373466363979100, 782.0687722129276800;
396.0653145455829100, 781.4206480688496900;
394.2973938368106700, 780.7613916661436000;
392.5336544443617900, 780.0910290832538300;
390.7741661371148900, 779.4095868379563400;
389.0189985157870800, 778.7170918863088200;
387.2682210101803500, 778.0135716215854700;
385.5219028764354900, 777.2990538731925200;
383.7801131942921400, 776.5735669055675300;
382.0429208643563500, 775.8371394170617400;
380.3103946053751100, 775.0898005388039600;
378.5826029515179700, 774.3315798335497700;
376.8596142496658700, 773.5625072945101700;
375.1414966567077700, 772.7826133441665200;
373.4283181368442700, 771.9919288330668200;
371.7201464588993100, 771.1904850386048300;
370.0170491936395400, 770.3783136637835000;
368.3190937111008900, 769.5554468359602000;
366.6263471779242900, 768.7219171055767200;
364.9388765546981400, 767.8777574448706700;
363.2567485933097400, 767.0230012465717700;
361.5800298343049200, 766.1576823225811900;
359.9087866042556200, 765.2818349026333600;
358.2430850131364700, 764.3954936329421300;
356.5829909517092300, 763.4986935748306700;
354.9285700889167300, 762.5914702033439900;
353.2798878692849500, 761.6738594058458600;
351.6370095103343400, 760.7458974805996400;
350.0000000000000600, 759.8076211353316000;
348.3689240940606200, 758.8590674857792900;
346.7438463135774800, 757.9002740542235900;
345.1248309423413600, 756.9312787680037200;
343.5119420243307800, 755.9521199580178700;
341.9052433611771000, 754.9628363572059000;
340.3047985096425200, 753.9634670990182000;
338.7106707791038500, 752.9540517158667400;
337.1229232290503400, 751.9346301375619500;
335.5416186665870600, 750.9052426897328600;
333.9668196439523600, 749.8659300922320200;
332.3985884560424300, 748.8167334575248300;
330.8369871379466100, 747.7576942890629000;
329.2820774624949500, 746.6888544796428300;
327.7339209378128500, 745.6102563097483700;
326.1925788048899900, 744.5219424458787200;
324.6581120351554500, 743.4239559388597600;
323.1305813280682700, 742.3163402221421200;
321.6100471087140100, 741.1991391100821100;
320.0965695254166700, 740.0723967962096600;
318.5902084473573800, 738.9361578514787000;
317.0910234622079400, 737.7904672225054100;
315.5990738737723400, 736.6353702297894900;
314.1144186996414200, 735.4709125659213700;
312.6371166688583700, 734.2971402937753300;
311.1672262195953100, 733.1140998446866200;
309.7048054968418000, 731.9218380166153100;
308.2499123501045200, 730.7204019722950100;
306.8026043311196000, 729.5098392373670300;
305.3629386915748100, 728.2901976985002600;
303.9309723808462400, 727.0615256014975800;
302.5067620437443500, 725.8238715493864700;
301.0903640182739900, 724.5772845004971700;
299.6818343334055000, 723.3218137665256800;
298.2812287068583100, 722.0575090105830900;
296.8886025428971600, 720.7844202452311000;
295.5040109301402300, 719.5025978305035300;
294.1275086393799800, 718.2120924719146200;
292.7591501214167800, 716.9129552184529100;
291.3989895049046500, 715.6052374605615100;
290.0470805942104600, 714.2889909281063900;
288.7034768672850800, 712.9642676883286200;
287.3682314735484600, 711.6311201437858900;
286.0413972317869600, 710.2896010302791900;
284.7230266280636200, 708.9397634147665000;
283.4131718136426300, 707.5816606932638700;
282.1118846029259000, 706.2153465887331500;
280.8192164714034200, 704.8408751489566800;
279.5352185536172600, 703.4583007443999300;
278.2599416411387100, 702.0676780660597800;
276.9934361805590000, 700.6690621233019600;
275.7357522714939900, 699.2625082416842600;
274.4869396646020000, 697.8480720607688000;
273.2470477596164600, 696.4258095319205500;
272.0161256033907200, 694.9957769160939700;
270.7942218879592800, 693.5580307816080700;
269.5813849486100900, 692.1126280019077500;
268.3776627619741400, 690.6596257533152500;
267.1831029441262900, 689.1990815127671800;
265.9977527487025100, 687.7310530555417900;
264.8216590650303000, 686.2555984529731200;
263.6548684162739800, 684.7727760701539000;
262.4974269575944300, 683.2826445636269500;
261.3493804743229700, 681.7852628790643600;
260.2107743801509500, 680.2806902489369300;
259.0816537153323200, 678.7689861901692400;
257.9620631449028000, 677.2502105017874800;
256.8520469569123700, 675.7244232625518000;
255.7516490606742300, 674.1916848285817400;
254.6609129850266700, 672.6520558309670200;
253.5798818766124900, 671.1055971733706000;
252.5085984981709500, 669.5523700296178000;
251.4471052268474700, 667.9924358412787300;
250.3954440525159600, 666.4258563152351400;
249.3536565761190200, 664.8526934212417200;
248.3217840080218400, 663.2730093894738300;
247.2998671663814300, 661.6868667080648300;
246.2879464755332300, 660.0943281206367600;
245.2860619643906300, 658.4954566238154700;
244.2942532648628500, 656.8903154647408700;
243.3125596102859700, 655.2789681385635300;
242.3410198338722200, 653.6614783859344000;
241.3796723671725900, 652.0379101904817400;
240.4285552385575200, 650.4083277762817900;
239.4877060717122400, 648.7727956053169000;
238.5571620841482700, 647.1313783749261600;
237.6369600857317400, 645.4841410152463400;
236.7271364772267400, 643.8311486866430200;
235.8277272488556400, 642.1724667771329700;
234.9387679788754300, 640.5081608997981000;
234.0602938321704300, 638.8382968901897800;
233.1923395588609100, 637.1629408037237000;
232.3349394929289200, 635.4821589130685900;
231.4881275508596400, 633.7960177055227900;
230.6519372303002300, 632.1045838803858000;
229.8264016087345000, 630.4079243463187400;
229.0115533421743000, 628.7061062186979800;
228.2074246638680400, 626.9991968169604200;
227.4140473830254300, 625.2872636619401900;
226.6314528835592900, 623.5703744731978300;
225.8596721228440700, 621.8485971663417300;
225.0987356304910900, 620.1219998503412400;
224.3486735071412000, 618.3906508248323900;
223.6095154232738200, 616.6546185774163900;
222.8812906180332300, 614.9139717809503100;
222.1640278980722200, 613.1687792908309100;
221.4577556364122900, 611.4191101422704800;
220.7625017713214100, 609.6650335475657100;
220.0782938052088300, 607.9066188933607000;
219.4051588035371200, 606.1439357379016400;
218.7431233937517700, 604.3770538082851500;
218.0922137642274900, 602.6060429977006800;
217.4524556632325700, 600.8309733626648500;
216.8238743979101200, 599.0519151202511200;
216.2064948332773000, 597.2689386453113200;
215.6003413912413900, 595.4821144676926700;
215.0054380496338800, 593.6915132694467700;
214.4218083412620800, 591.8972058820351100;
213.8494753529778900, 590.0992632835251500;
213.2884617247649400, 588.2977565957846800;
212.7387896488427300, 586.4927570816665800;
212.2004808687889300, 584.6843361421915700;
211.6735566786791800, 582.8725653137223600;
211.1580379222447200, 581.0575162651347200;
210.6539449920479100, 579.2392607949819900;
210.1612978286756300, 577.4178708286551700;
209.6801159199503700, 575.5934184155376000;
209.2104183001593500, 573.7659757261550300;
208.7522235493017300, 571.9356150493208600;
208.3055497923533000, 570.1024087892757300;
207.8704146985500100, 568.2664294628248200;
207.4468354806883200, 566.4277496964676900;
207.0348288944452400, 564.5864422235272300;
206.6344112377144600, 562.7425798812702200;
206.2455983499626200, 560.8962356080285200;
205.8684056116019900, 559.0474824403116800;
205.5028479433825600, 557.1963935099194000;
205.1489398058016000, 555.3430420410477400;
204.8066951985315400, 553.4875013473927100;
204.4761276598665600, 551.6298448292508300;
204.1572502661865700, 549.7701459706139500;
203.8500756314402900, 547.9084783362649200;
203.5546159066461200, 546.0449155688648900;
203.2708827794115800, 544.1795313860424100;
202.9988874734708600, 542.3123995774758400;
202.7386407482409300, 540.4435940019753800;
202.4901528983957600, 538.5731885845606300;
202.2534337534594900, 536.7012573135373300;
202.0284926774170900, 534.8278742375690600;
201.8153385683443200, 532.9531134627500300;
201.6139798580555300, 531.0770491496718900;
201.4244245117702700, 529.1997555104907200;
201.2466800277981100, 527.3213068059923200;
201.0807534372420400, 525.4417773426527000;
200.9266513037204000, 523.5612414697010300;
200.7843797231071200, 521.6797735761761000;
200.6539443232907700, 519.7974480879862500;
200.5353502639517300, 517.9143394649629500;
200.4286022363581900, 516.0305221979172100;
200.3337044631806500, 514.1460708056916900;
200.2506606983246800, 512.2610598322135000;
200.1794742267825900, 510.3755638435452500;
200.1201478645035100, 508.4896574249355000;
200.0726839582818000, 506.6034151778683300;
200.0370843856645100, 504.7169117171124000;
200.0133505548766900, 502.8302216677691400;
200.0014834047662500, 500.9434196623208800;
200.0014834047662500, 499.0565803376791800;
200.0133505548766900, 497.1697783322309800;
200.0370843856645100, 495.2830882828877200;
200.0726839582818000, 493.3965848221317300;
200.1201478645035100, 491.5103425750646100;
200.1794742267825900, 489.6244361564548600;
200.2506606983246800, 487.7389401677865500;
200.3337044631806500, 485.8539291943083600;
200.4286022363581900, 483.9694778020828500;
200.5353502639517300, 482.0856605350371100;
200.6539443232907700, 480.2025519120139200;
200.7843797231071200, 478.3202264238240100;
200.9266513037204000, 476.4387585302992000;
201.0807534372420400, 474.5582226573472400;
201.2466800277981100, 472.6786931940079100;
201.4244245117702700, 470.8002444895092300;
201.6139798580555300, 468.9229508503282200;
201.8153385683443200, 467.0468865372500300;
202.0284926774170900, 465.1721257624309400;
202.2534337534594900, 463.2987426864629000;
202.4901528983957600, 461.4268114154394300;
202.7386407482408700, 459.5564059980247900;
202.9988874734708600, 457.6876004225242700;
203.2708827794115800, 455.8204686139577600;
203.5546159066461200, 453.9550844311351100;
203.8500756314402300, 452.0915216637353100;
204.1572502661865700, 450.2298540293859900;
204.4761276598665100, 448.3701551707494000;
204.8066951985315400, 446.5124986526072300;
205.1489398058015500, 444.6569579589524300;
205.5028479433825600, 442.8036064900806500;
205.8684056116019900, 440.9525175596884300;
206.2455983499626200, 439.1037643919716500;
206.6344112377144600, 437.2574201187298400;
207.0348288944451800, 435.4135577764730000;
207.4468354806883800, 433.5722503035322000;
207.8704146985499500, 431.7335705371753500;
208.3055497923533000, 429.8975912107242200;
208.7522235493016800, 428.0643849506793100;
209.2104183001593500, 426.2340242738449100;
209.6801159199503100, 424.4065815844625700;
210.1612978286756300, 422.5821291713449500;
210.6539449920478500, 420.7607392050182400;
211.1580379222446600, 418.9424837348653900;
211.6735566786791800, 417.1274346862777500;
212.2004808687889300, 415.3156638578085400;
212.7387896488427800, 413.5072429183334200;
213.2884617247648900, 411.7022434042155500;
213.8494753529778900, 409.9007367164748000;
214.4218083412620200, 408.1027941179650600;
215.0054380496338800, 406.3084867305531100;
215.6003413912413300, 404.5178855323075600;
216.2064948332773000, 402.7310613546886800;
216.8238743979100600, 400.9480848797491000;
217.4524556632325100, 399.1690266373352100;
218.0922137642274900, 397.3939570022994300;
218.7431233937517700, 395.6229461917148500;
219.4051588035371200, 393.8560642620984700;
220.0782938052087700, 392.0933811066393600;
220.7625017713213500, 390.3349664524343400;
221.4577556364122900, 388.5808898577296300;
222.1640278980722200, 386.8312207091689700;
222.8812906180331800, 385.0860282190498100;
223.6095154232738200, 383.3453814225837300;
224.3486735071411400, 381.6093491751678400;
225.0987356304910900, 379.8780001496588700;
225.8596721228440200, 378.1514028336582700;
226.6314528835592900, 376.4296255268022300;
227.4140473830254300, 374.7127363380599300;
228.2074246638680400, 373.0008031830396900;
229.0115533421743000, 371.2938937813021300;
229.8264016087344400, 369.5920756536813800;
230.6519372303002300, 367.8954161196143100;
231.4881275508595900, 366.2039822944772700;
232.3349394929288100, 364.5178410869315800;
233.1923395588608500, 362.8370591962763600;
234.0602938321703700, 361.1617031098104500;
234.9387679788754300, 359.4918391002018400;
235.8277272488555800, 357.8275332228670300;
236.7271364772266800, 356.1688513133571000;
237.6369600857317400, 354.5158589847536600;
238.5571620841482700, 352.8686216250738400;
239.4877060717121800, 351.2272043946832100;
240.4285552385574600, 349.5916722237183200;
241.3796723671725300, 347.9620898095182600;
242.3410198338721700, 346.3385216140657700;
243.3125596102859700, 344.7210318614365900;
244.2942532648627300, 343.1096845352593600;
245.2860619643906500, 341.5045433761845300;
246.2879464755331200, 339.9056718793634100;
247.2998671663814900, 338.3131332919350600;
248.3217840080217200, 336.7269906105264000;
249.3536565761190500, 335.1473065787582200;
250.3954440525159000, 333.5741436847648600;
251.4471052268473300, 332.0075641587213800;
252.5085984981709300, 330.4476299703822000;
253.5798818766123800, 328.8944028266296300;
254.6609129850266400, 327.3479441690330400;
255.7516490606741100, 325.8083151714183700;
256.8520469569124300, 324.2755767374481500;
257.9620631449026900, 322.7497894982126400;
259.0816537153323200, 321.2310138098306400;
260.2107743801508400, 319.7193097510632400;
261.3493804743230300, 318.2147371209355200;
262.4974269575942600, 316.7173554363732300;
263.6548684162739800, 315.2272239298461000;
264.8216590650301900, 313.7444015470270500;
265.9977527487025100, 312.2689469444582600;
267.1831029441261800, 310.8009184872329900;
268.3776627619740800, 309.3403742466848600;
269.5813849486101500, 307.8873719980921400;
270.7942218879591100, 306.4419692183920500;
272.0161256033907800, 305.0042230839059700;
273.2470477596162900, 303.5741904680795600;
274.4869396646020000, 302.1519279392312000;
275.7357522714938800, 300.7374917583158500;
276.9934361805590000, 299.3309378766981600;
278.2599416411385400, 297.9323219339403300;
279.5352185536172600, 296.5416992556001200;
280.8192164714033700, 295.1591248510433200;
282.1118846029258400, 293.7846534112669600;
283.4131718136426300, 292.4183393067361900;
284.7230266280636200, 291.0602365852335000;
286.0413972317869000, 289.7103989697208100;
287.3682314735484600, 288.3688798562141100;
288.7034768672850800, 287.0357323116713800;
290.0470805942103400, 285.7110090718937800;
291.3989895049046500, 284.3947625394384900;
292.7591501214166100, 283.0870447815473200;
294.1275086393799300, 281.7879075280853800;
295.5040109301401100, 280.4974021694965200;
296.8886025428970500, 279.2155797547690100;
298.2812287068582000, 277.9424909894169700;
299.6818343334053900, 276.6781862334743200;
301.0903640182739300, 275.4227154995028300;
302.5067620437442900, 274.1761284506136500;
303.9309723808461300, 272.9384743985025400;
305.3629386915746400, 271.7098023014998500;
306.8026043311194300, 270.4901607626330800;
308.2499123501043000, 269.2795980277051100;
309.7048054968415700, 268.0781619833848000;
311.1672262195952500, 266.8859001553134900;
312.6371166688582000, 265.7028597062249000;
314.1144186996413600, 264.5290874340786900;
315.5990738737721700, 263.3646297702106800;
317.0910234622078900, 262.2095327774945900;
318.5902084473572100, 261.0638421485214200;
320.0965695254165000, 259.9276032037904500;
321.6100471087138400, 258.8008608899180000;
323.1305813280681000, 257.6836597778580000;
324.6581120351553400, 256.5760440611404100;
326.1925788048898200, 255.4780575541213900;
327.7339209378127400, 254.3897436902517200;
329.2820774624949500, 253.3111455203570900;
330.8369871379466100, 252.2423057109370700;
332.3985884560422600, 251.1832665424752800;
333.9668196439524200, 250.1340699077679800;
335.5416186665871700, 249.0947573102671100;
337.1229232290501200, 248.0653698624381000;
338.7106707791036800, 247.0459482841334000;
340.3047985096423000, 246.0365329009818800;
341.9052433611771600, 245.0371636427940400;
343.5119420243305500, 244.0478800419822100;
345.1248309423411900, 243.0687212319963400;
346.7438463135775400, 242.0997259457763600;
348.3689240940606200, 241.1409325142206500;
349.9999999999998900, 240.1923788646684600;
351.6370095103341100, 239.2541025194004800;
353.2798878692850600, 238.3261405941540800;
354.9285700889166700, 237.4085297966561300;
356.5829909517090100, 236.5013064251695000;
358.2430850131363500, 235.6045063670579200;
359.9087866042556200, 234.7181650973666400;
361.5800298343047500, 233.8423176774188100;
363.2567485933094500, 232.9769987534283500;
364.9388765546981400, 232.1222425551293900;
366.6263471779242300, 231.2780828944233900;
368.3190937111007200, 230.4445531640398600;
370.0170491936392000, 229.6216863362167300;
371.7201464588993600, 228.8095149613951100;
373.4283181368441500, 228.0080711669332300;
375.1414966567075500, 227.2173866558335400;
376.8596142496655800, 226.4374927054900000;
378.5826029515180300, 225.6684201664502300;
380.3103946053750500, 224.9101994611959900;
382.0429208643561200, 224.1628605829384400;
383.7801131942922600, 223.4264330944324100;
385.5219028764354900, 222.7009461268074800;
387.2682210101802400, 221.9864283784145300;
389.0189985157867900, 221.2829081136912900;
390.7741661371150000, 220.5904131620437200;
392.5336544443617900, 219.9089709167461700;
394.2973938368105600, 219.2386083338564600;
396.0653145455826800, 218.5793519311503700;
397.8373466363980200, 217.9312277870723200;
399.6134200123395300, 217.2942615397044500;
401.3934644166291700, 216.6684783857514300;
403.1774094354051400, 216.0539030795442800;
404.9651845005072300, 215.4505599320614200;
406.7567188922685700, 214.8584728099665400;
408.5519417423138300, 214.2776651346646300;
410.3507820363622000, 213.7081598813753100;
412.1531686170349100, 213.1499795782247000;
413.9590301866728100, 212.6031463053533900;
415.7682953101549400, 212.0676816940433600;
417.5808924177252400, 211.5436069258623200;
419.3967498078216100, 211.0309427318262000;
421.2157956499152600, 210.5297093915783600;
423.0379579873504100, 210.0399267325876200;
424.8631647401905400, 209.5616141293643300;
426.6913437080698400, 209.0947905026937400;
428.5224225730502800, 208.6394743188871500;
430.3563289024814400, 208.1956835890520100;
432.1929901518653300, 207.7634358683791300;
434.0323336677265600, 207.3427482554484400;
435.8742866904873400, 206.9336373915522200;
437.7187763573433000, 206.5361194600375300;
439.5657297051484400, 206.1502101856650600;
441.4150736732988200, 205.7759248339881400;
443.2667351066251100, 205.4132782107479900;
445.1206407582840800, 205.0622846612887400;
446.9767172926574400, 204.7229580699894300;
448.8348912882528900, 204.3953118597150900;
450.6950892406080700, 204.0793589912856300;
452.5572375651977900, 203.7751119629633100;
454.4212626003452400, 203.4825828099581600;
456.2870906101366000, 203.2017831039519300;
458.1546477873362200, 202.9327239526404600;
460.0238602563080700, 202.6754159992941000;
461.8946540759362200, 202.4298694223369400;
463.7669552425516600, 202.1960939349439200;
465.6406896928575600, 201.9740987846568000;
467.5157833068614100, 201.7638927530182400;
469.3921619108045900, 201.5654841552244500;
471.2697512800987700, 201.3788808397962400;
473.1484771422600500, 201.2040901882687100;
475.0282651798480600, 201.0411191148990000;
476.9090410334062000, 200.8899740663929400;
478.7907303044015100, 200.7506610216501000;
480.6732585581695500, 200.6231854915270100;
482.5565513268571200, 200.5075525186195500;
484.4405341123696800, 200.4037666770630600;
486.3251323893164800, 200.3118320723517600;
488.2102716079605800, 200.2317523411761600;
490.0958771971657500, 200.1635306512791900;
491.9818745673484800, 200.1071697013310300;
493.8681891134263500, 200.0626717208221500;
495.7547462177713000, 200.0300384699753500;
497.6414712531595800, 200.0092712396759100;
499.5282895857245100, 200.0003708514207700;
501.4151265779096300, 200.0033376572857800;
503.3019075914193100, 200.0181715399119200;
505.1885579901732500, 200.0448719125098500;
507.0750031432569400, 200.0834377188833700;
508.9611684278759200, 200.1338674334708700;
510.8469792323055600, 200.1961590614057500;
512.7323609588444200, 200.2703101385955600;
514.6172390267635100, 200.3563177318192200;
516.5015388752578900, 200.4541784388432600;
518.3851859663949400, 200.5638883885561100;
520.2681057880633900, 200.6854432411215600;
522.1502238569213400, 200.8188381881501500;
524.0314657213419900, 200.9640679528897100;
525.9117569643585700, 201.1211267904336600;
527.7910232066080900, 201.2900084879486800;
529.6691901092749500, 201.4707063649202000;
531.5461833770293700, 201.6632132734167200;
533.4219287609685100, 201.8675215983727200;
535.2963520615513700, 202.0836232578896600;
537.1693791315365200, 202.3115097035558800;
539.0409358789123600, 202.5511719207845500;
540.9109482698298700, 202.8026004291704700;
542.7793423315311000, 203.0657852828649100;
544.6460441552745800, 203.3407160709692800;
546.5109798992593800, 203.6273819179465900;
548.3740757915455800, 203.9257714840520100;
550.2352581329736300, 204.2358729657812000;
552.0944533000789500, 204.5576740963375600;
553.9515877480039300, 204.8911621461169800;
555.8065880134074600, 205.2363239232116700;
557.6593807173718500, 205.5931457739321200;
559.5098925683039400, 205.9616135833470600;
561.3580503648352100, 206.3417127758415300;
563.2037809987177800, 206.7334283156940800;
565.0470114577157100, 207.1367447076711400;
566.8876688284932500, 207.5516459976397500;
568.7256802994988900, 207.9781157731991900;
570.5609731638468200, 208.4161371643298800;
572.3934748221917100, 208.8656928440609000;
574.2231127856007300, 209.3267650291551300;
576.0498146784212800, 209.7993354808128900;
577.8735082411444600, 210.2833855053935400;
579.6941213332629600, 210.7788959551548400;
581.5115819361237800, 211.2858472290099600;
583.3258181557789600, 211.8042192733036600;
585.1367582258287700, 212.3339915826049900;
586.9443305102604400, 212.8751432005187800;
588.7484635062807000, 213.4276527205139500;
590.5490858471467800, 213.9914982867711600;
592.3461263049882700, 214.5666575950469900;
594.1395137936236800, 215.1531078935560100;
595.9291773713735000, 215.7508259838710400;
597.7150462438669400, 216.3597882218409200;
599.4970497668418800, 216.9799705185256500;
601.2751174489376400, 217.6113483411490400;
603.0491789544868200, 218.2538967140696400;
604.8191641062950300, 218.9075902197684500;
606.5850028884182200, 219.5724029998547200;
608.3466254489303500, 220.2483087560877400;
610.1039621026893700, 220.9352807514186500;
611.8569433340923100, 221.6332918110470600;
613.6054997998251100, 222.3423143234966200;
615.3495623316046000, 223.0623202417062900;
617.0890619389174400, 223.7932810841409700;
618.8239298117472300, 224.5351679359178500;
620.5540973232953100, 225.2879514499492800;
622.2794960326987200, 226.0516018481049500;
624.0000576877349700, 226.8260889223892000;
625.7157142275231100, 227.6113820361362100;
627.4263977852142500, 228.4074501252209800;
629.1320406906793300, 229.2142616992897500;
630.8325754731830600, 230.0317848430044000;
632.5279348640549400, 230.8599872173057900;
634.2180517993480200, 231.6988360606918000;
635.9028594224939800, 232.5482981905147400;
637.5822910869471800, 233.4083400042932200;
639.2562803588198200, 234.2789274810411900;
640.9247610195111500, 235.1600261826140500;
642.5876670683267100, 236.0516012550710300;
644.2449327250894800, 236.9536174300540100;
645.8964924327400500, 237.8660390261814500;
647.5422808599323600, 238.7888299504616600;
649.1822329036172100, 239.7219536997196200;
650.8162836916166000, 240.6653733620405500;
652.4443685851907700, 241.6190516182307400;
654.0664231815953800, 242.5829507432936200;
655.6823833166287200, 243.5570326079221700;
657.2921850671696100, 244.5412586800066200;
658.8957647537060900, 245.5355900261592400;
660.4930589428553300, 246.5399873132545300;
662.0840044498720500, 247.5544108099848900;
663.6685383411476100, 248.5788203884320600;
665.2465979367000300, 249.6131755256547300;
666.8181208126542300, 250.6574353052919300;
668.3830448037095900, 251.7115584191807000;
669.9413080056001500, 252.7755031689906700;
671.4928487775434900, 253.8492274678736500;
673.0376057446789000, 254.9326888421283600;
674.5755178004945900, 256.0258444328801500;
676.1065241092455800, 257.1286509977767300;
677.6305641083602000, 258.2410649126991300;
679.1475775108357300, 259.3630421734868000;
680.6575043076228400, 260.4945383976782400;
682.1602847699994100, 261.6355088262668000;
683.6558594519340200, 262.7859083254718400;
685.1441691924364900, 263.9456913885229000;
686.6251551178987700, 265.1148121374610600;
688.0987586444234700, 266.2932243249525800;
689.5649214801416100, 267.4808813361195200;
691.0235856275182900, 268.6777361903826300;
692.4746933856464500, 269.8837415433203000;
693.9181873525305900, 271.0988496885416900;
695.3540104273566800, 272.3230125595732700;
696.7821058127502700, 273.5561817317603800;
698.2024170170243500, 274.7983084241826600;
699.6148878564138200, 276.0493435015844200;
701.0194624572971000, 277.3092374763170900;
702.4160852584077500, 278.5779405102982800;
703.8047010130308100, 279.8554024169815800;
705.1852547911896600, 281.1415726633434800;
706.5576919818174700, 282.4364003718807200;
707.9219582949191400, 283.7398343226244600;
709.2779997637167100, 285.0518229551648800;
710.6257627467866800, 286.3723143706923200;
711.9651939301797900, 287.7012563340487100;
713.2962403295306300, 289.0385962757947600;
714.6188492921546600, 290.3842812942897900;
715.9329684991289500, 291.7382581577831500;
717.2385459673640800, 293.1004733065213900;
718.5355300516581600, 294.4708728548656600;
719.8238694467419200, 295.8494025934242600;
721.1035131893062300, 297.2360079911961700;
722.3744106600199800, 298.6306341977291400;
723.6365115855308000, 300.0332260452883000;
724.8897660404547900, 301.4437280510395600;
726.1341244493506800, 302.8620844192432700;
727.3695375886823100, 304.2882390434626800;
728.5959565887635600, 305.7221355087818300;
729.8133329356933200, 307.1637170940381300;
731.0216184732744300, 308.6129267740664100;
732.2207654049170700, 310.0697072219535400;
733.4107262955318400, 311.5340008113073500;
734.5914540734038400, 313.0057496185348800;
735.7629020320564500, 314.4848954251353900;
736.9250238320977400, 315.9713797200013200;
738.0777735030544600, 317.4651437017348600;
739.2211054451895500, 318.9661282809719900;
740.3549744313072600, 320.4742740827218800;
741.4793356085405100, 321.9895214487139600;
742.5941445001265000, 323.5118104397583900;
743.6993570071656400, 325.0410808381178100;
744.7949294103663100, 326.5772721498887000;
745.8808183717734400, 328.1203236073940300;
746.9569809364835500, 329.6701741715875200;
748.0233745343437000, 331.2267625344686600;
749.0799569816360900, 332.7900271215072500;
750.1266864827455300, 334.3599060940788900;
751.1635216318131800, 335.9363373519116700;
752.1904214143754600, 337.5192585355429200;
753.2073452089850900, 339.1086070287852900;
754.2142527888188400, 340.7043199612038500;
755.2111043232682700, 342.3063342106036100;
756.1978603795162100, 343.9145864055262800;
757.1744819240950600, 345.5290129277562400;
758.1409303244322500, 347.1495499148379600;
759.0971673503780700, 348.7761332626024000;
760.0431551757178600, 350.4086986277024500;
760.9788563796678300, 352.0471814301577100;
761.9042339483563600, 353.6915168559095300;
762.8192512762873300, 355.3416398593854000;
763.7238721677887300, 356.9974851660718400;
764.6180608384434000, 358.6589872750946000;
765.5017819165061600, 360.3260804618126900;
766.3750004443018000, 361.9986987804166500;
767.2376818796085400, 363.6767760665368300;
768.0897920970236300, 365.3602459398612700;
768.9312973893144100, 367.0490418067619200;
769.7621644687510500, 368.7430968629286100;
770.5823604684228500, 370.4423440960108000;
771.3918529435393300, 372.1467162882693200;
772.1906098727131400, 373.8561460192354400;
772.9785996592270300, 375.5705656683779800;
773.7557911322828700, 377.2899074177761900;
774.5221535482357900, 379.0141032548054900;
775.2776565918097700, 380.7430849748258200;
776.0222703772974500, 382.4767841838808500;
776.7559654497406400, 384.2151323014013000;
777.4787127860975000, 385.9580605629207600;
778.1904837963896900, 387.7055000227942400;
778.8912503248332100, 389.4573815569250400;
779.5809846509521300, 391.2136358654998400;
780.2596594906758600, 392.9741934757302000;
780.9272479974176800, 394.7389847446010000;
781.5837237631367300, 396.5079398616228400;
782.2290608193832200, 398.2809888515972700;
782.8632336383251400, 400.0580615773824300;
783.4862171337586000, 401.8390877426686000;
784.0979866620989500, 403.6239968947568300;
784.6985180233575600, 405.4127184273490900;
785.2877874620974100, 407.2051815833390300;
785.8657716683740100, 409.0013154576120700;
786.4324477786560700, 410.8010489998482100;
786.9877933767312500, 412.6043110173355900;
787.5317864945926700, 414.4110301777852200;
788.0644056133069200, 416.2211350121509700;
788.5856296638663700, 418.0345539174601300;
789.0954380280225000, 419.8512151596433500;
789.5938105391010100, 421.6710468763736200;
790.0807274827994900, 423.4939770799068100;
790.5561695979679400, 425.3199336599323000;
791.0201180773701700, 427.1488443864235500;
791.4725545684281100, 428.9806369124961500;
791.9134611739471000, 430.8152387772678400;
792.3428204528249800, 432.6525774087280100;
792.7606154207408100, 434.4925801266063000;
793.1668295508277400, 436.3351741452476600;
793.5614467743258700, 438.1802865764921100;
793.9444514812187200, 440.0278444325583700;
794.3158285208504600, 441.8777746289308100;
794.6755632025244700, 443.7300039872488400;
795.0236412960855400, 445.5844592382045400;
795.3600490324826100, 447.4410670244392300;
795.6847731043126300, 449.2997539034453800;
795.9978006663475300, 451.1604463504716600;
796.2991193360429600, 453.0230707614325100;
796.5887171940268000, 454.8875534558188700;
796.8665827845716200, 456.7538206796125500;
797.1327051160474200, 458.6217986082037900;
797.3870736613565700, 460.4914133493126700;
797.6296783583504700, 462.3625909459110500;
797.8605096102271500, 464.2352573791479800;
798.0795582859109300, 466.1093385712779900;
798.2868157204138700, 467.9847603885922900;
798.4822737151787400, 469.8614486443497100;
798.6659245384023500, 471.7393291017120900;
798.8377609253428800, 473.6183274766814300;
798.9977760786058500, 475.4983694410379400;
799.1459636684139700, 477.3793806252795700;
799.2823178328567300, 479.2612866215645200;
799.4068331781234100, 481.1440129866551800;
799.5195047787149200, 483.0274852448621900;
799.6203281776402000, 484.9116288909901300;
799.7092993865912800, 486.7963693932853700;
799.7864148861019700, 488.6816321963848400;
799.8516716256864400, 490.5673427242636500;
799.9050670239601000, 492.4534263831872100;
799.9465989687419100, 494.3398085646596800;
799.9762658171375700, 496.2264146483776100;
799.9940663956049300, 498.1131700051797700;
