800.0000000000000000, 500.0000000000000000;
783.7451725101904000, 597.4098407614050100;
736.7421528189181600, 684.2638138069003200;
664.0844474367280600, 751.1499434787585900;
573.6456461422398000, 790.8200797817991100;
475.2261963583003400, 798.9753479020009800;
379.4913726041092400, 774.7319979965172900;
296.8155285122777500, 720.7171732019395400;
236.1578746380533300, 642.7842179111221400;
204.0916089791833200, 549.3783770842202300;
204.0916089791832600, 450.6216229157798800;
236.1578746380532200, 357.2157820888780900;
296.8155285122775800, 279.2828267980605700;
379.4913726041090700, 225.2680020034828200;
475.2261963583001700, 201.0246520979990800;
573.6456461422393400, 209.1799202182007800;
664.0844474367279400, 248.8500565212413800;
736.7421528189180400, 315.7361861930995700;
783.7451725101904000, 402.5901592385948800;
