800.0000000000000000, 500.0000000000000000;
799.9940782568411400, 501.8849431896676900;
799.9763132611448100, 503.7698119650057700;
799.9467057142426300, 505.6545319146224500;
799.9052567849900000, 507.5390286330012400;
799.8519681097194500, 509.4232277234385200;
799.7868417921768000, 511.3070548009803800;
799.7098804034374100, 513.1904354953594500;
799.6210869818053200, 515.0732954539308800;
799.5204650326925300, 516.9555603446073100;
799.4080185284815300, 518.8371558587940600;
799.2837519083675500, 520.7180077143217400;
799.1476700781842100, 522.5980416583797700;
798.9997784102090500, 524.4771834704472400;
798.8400827429517200, 526.3553589652229900;
798.6685893809240000, 528.2324939955542500;
798.4853050943900100, 530.1085144553644600;
798.2902371190996300, 531.9833462825779400;
798.0833931560025600, 533.8569154620445300;
797.8647813709441200, 535.7291480284609400;
797.6344103943433800, 537.5999700692913200;
797.3922893208518900, 539.4693077276847400;
797.1384277089953200, 541.3370872053914100;
796.8728355807952500, 543.2032347656756900;
796.5955234213742000, 545.0676767362271000;
796.3065021785413400, 546.9303395120692800;
796.0057832623604100, 548.7911495584651200;
795.6933785446993900, 550.6500334138202100;
795.3693003587616200, 552.5069176925827600;
795.0335614985988300, 554.3617290881412600;
794.6861752186066500, 556.2143943757173500;
794.3271552330002100, 558.0648404152581200;
793.9565157152740100, 559.9129941543220600;
793.5742712976416400, 561.7587826309644500;
793.1804370704580800, 563.6021329766164200;
792.7750285816241600, 565.4429724189627700;
792.3580618359731000, 567.2812282848143500;
791.9295532946380300, 569.1168280029771700;
791.4895198744021600, 570.9496991071173400;
791.0379789470317700, 572.7797692386221800;
790.5749483385893700, 574.6069661494564100;
790.1004463287305300, 576.4312177050146600;
789.6144916499821400, 578.2524518869690800;
789.1171034870028500, 580.0705967961126800;
788.6083014758257800, 581.8855806551976000;
788.0881057030828700, 583.6973318117687800;
787.5565367052126900, 585.5057787409928100;
787.0136154676491700, 587.3108500484816000;
786.4593634239929500, 589.1124744731105200;
785.8938024551656600, 590.9105808898322000;
785.3169548885460900, 592.7050983124842100;
784.7288434970884100, 594.4959558965914500;
784.1294914984232500, 596.2830829421628800;
783.5189225539414800, 598.0664088964827000;
782.8971607678593000, 599.8458633568959600;
782.2642306862676400, 601.6213760735873800;
781.6201572961622300, 603.3928769523551000;
780.9649660244576800, 605.1602960573776500;
780.2986827369836600, 606.9235636139752600;
779.6213337374633700, 608.6826100113637500;
778.9329457664754300, 610.4373658054033700;
778.2335460003984100, 612.1877617213401700;
777.5231620503374200, 613.9337286565403200;
776.8018219610344200, 615.6751976832189300;
776.0695542097611200, 617.4121000511606800;
775.3263877051942900, 619.1443671904342000;
774.5723517862752500, 620.8719307140987700;
773.8074762210508200, 622.5947224209047600;
773.0317912054986200, 624.3126742979852700;
772.2453273623350500, 626.0257185235418500;
771.4481157398058700, 627.7337874695217600;
770.6401878104609300, 629.4368137042877200;
769.8215754699112900, 631.1347299952798300;
768.9923110355707600, 632.8274693116704800;
768.1524272453791600, 634.5149648270096300;
767.3019572565103800, 636.1971499218640200;
766.4409346440634200, 637.8739581864463200;
765.5693933997365500, 639.5453234232375100;
764.6873679304860600, 641.2111796495997900;
763.7948930571668600, 642.8714611003817900;
762.8920040131590700, 644.5261022305146500;
761.9787364429760100, 646.1750377175997100;
761.0551264008577200, 647.8182024644875100;
760.1212103493469400, 649.4555316018472700;
759.1770251578506100, 651.0869604907281900;
758.2226081011831400, 652.7124247251114200;
757.2579968580956800, 654.3318601344519700;
756.2832295097885000, 655.9452027862128000;
755.2983445384076000, 657.5523889883886600;
754.3033808255249800, 659.1533552920202500;
753.2983776506044900, 660.7480384936990300;
752.2833746894507400, 662.3363756380626900;
751.2584120126425700, 663.9183040202807400;
750.2235300839513500, 665.4937611885291100;
749.1787697587437800, 667.0626849464563300;
748.1241722823685900, 668.6250133556392300;
747.0597792885282600, 670.1806847380269100;
745.9856327976357300, 671.7296376783772300;
744.9017752151552300, 673.2718110266803300;
743.8082493299282300, 674.8071439005727800;
742.7050983124842100, 676.3355756877419900;
741.5923657133365600, 677.8570460483177800;
740.4700954612629900, 679.3714949172556300;
739.3383318615713100, 680.8788625067073800;
738.1971195943506200, 682.3790893083815900;
737.0465037127071400, 683.8721160958929200;
735.8865296409857100, 685.3578839271002600;
734.7172431729764000, 686.8363341464337300;
733.5386904701069900, 688.3074083872101000;
732.3509180596202000, 689.7710485739373800;
731.1539728327368300, 691.2271969246069100;
729.9479020428049100, 692.6757959529752500;
728.7327533034343800, 694.1167884708332800;
727.5085745866165300, 695.5501175902636500;
726.2754142208311800, 696.9757267258869400;
725.0333208891378300, 698.3935595970955300;
723.7823436272545900, 699.8035602302754800;
722.5225318216217800, 701.2056729610160300;
721.2539352074521700, 702.5998424363073100;
719.9766038667680700, 703.9860136167258100;
718.6905882264234200, 705.3641317786066300;
717.3959390561140000, 706.7341425162045400;
716.0927074663720800, 708.0959917438415200;
714.7809449065493900, 709.4496256980418100;
713.4607031627856500, 710.7949909396547800;
712.1320343559642700, 712.1320343559642700;
710.7949909396547800, 713.4607031627856500;
709.4496256980418100, 714.7809449065493900;
708.0959917438415200, 716.0927074663720800;
706.7341425162045400, 717.3959390561140000;
705.3641317786066300, 718.6905882264234200;
703.9860136167258100, 719.9766038667680700;
702.5998424363073100, 721.2539352074521700;
701.2056729610160300, 722.5225318216217800;
699.8035602302754800, 723.7823436272547000;
698.3935595970956500, 725.0333208891378300;
696.9757267258869400, 726.2754142208311800;
695.5501175902636500, 727.5085745866165300;
694.1167884708332800, 728.7327533034343800;
692.6757959529753600, 729.9479020428049100;
691.2271969246069100, 731.1539728327368300;
689.7710485739373800, 732.3509180596202000;
688.3074083872102200, 733.5386904701069900;
686.8363341464337300, 734.7172431729764000;
685.3578839271003700, 735.8865296409856000;
683.8721160958930300, 737.0465037127071400;
682.3790893083815900, 738.1971195943506200;
680.8788625067073800, 739.3383318615713100;
679.3714949172556300, 740.4700954612629900;
677.8570460483177800, 741.5923657133365600;
676.3355756877419900, 742.7050983124842100;
674.8071439005727800, 743.8082493299282300;
673.2718110266803300, 744.9017752151551100;
671.7296376783772300, 745.9856327976357300;
670.1806847380269100, 747.0597792885282600;
668.6250133556391100, 748.1241722823685900;
667.0626849464564400, 749.1787697587437800;
665.4937611885291100, 750.2235300839513500;
663.9183040202807400, 751.2584120126425700;
662.3363756380626900, 752.2833746894507400;
660.7480384936989100, 753.2983776506044900;
659.1533552920202500, 754.3033808255249800;
657.5523889883887700, 755.2983445384074900;
655.9452027862128000, 756.2832295097885000;
654.3318601344519700, 757.2579968580955700;
652.7124247251114200, 758.2226081011831400;
651.0869604907281900, 759.1770251578506100;
649.4555316018472700, 760.1212103493469400;
647.8182024644875100, 761.0551264008577200;
646.1750377175997100, 761.9787364429760100;
644.5261022305146500, 762.8920040131590700;
642.8714611003817900, 763.7948930571668600;
641.2111796495997900, 764.6873679304860600;
639.5453234232375100, 765.5693933997365500;
637.8739581864463200, 766.4409346440634200;
636.1971499218640200, 767.3019572565103800;
634.5149648270097500, 768.1524272453791600;
632.8274693116704800, 768.9923110355707600;
631.1347299952798300, 769.8215754699112900;
629.4368137042877200, 770.6401878104608200;
627.7337874695217600, 771.4481157398058700;
626.0257185235418500, 772.2453273623350500;
624.3126742979852700, 773.0317912054986200;
622.5947224209047600, 773.8074762210508200;
620.8719307140987700, 774.5723517862752500;
619.1443671904342000, 775.3263877051942900;
617.4121000511607900, 776.0695542097610100;
615.6751976832189300, 776.8018219610344200;
613.9337286565403200, 777.5231620503374200;
612.1877617213401700, 778.2335460003984100;
610.4373658054033700, 778.9329457664754300;
608.6826100113637500, 779.6213337374632600;
606.9235636139752600, 780.2986827369836600;
605.1602960573776500, 780.9649660244576800;
603.3928769523552100, 781.6201572961622300;
601.6213760735875000, 782.2642306862676400;
599.8458633568959600, 782.8971607678593000;
598.0664088964828100, 783.5189225539413700;
596.2830829421627600, 784.1294914984232500;
594.4959558965914500, 784.7288434970884100;
592.7050983124842100, 785.3169548885460900;
590.9105808898322000, 785.8938024551656600;
589.1124744731104100, 786.4593634239929500;
587.3108500484816000, 787.0136154676490600;
585.5057787409928100, 787.5565367052126900;
583.6973318117687800, 788.0881057030828700;
581.8855806551976000, 788.6083014758257800;
580.0705967961126800, 789.1171034870028500;
578.2524518869690800, 789.6144916499822600;
576.4312177050146600, 790.1004463287305300;
574.6069661494564100, 790.5749483385893700;
572.7797692386221800, 791.0379789470317700;
570.9496991071174500, 791.4895198744021600;
569.1168280029771700, 791.9295532946380300;
567.2812282848143500, 792.3580618359731000;
565.4429724189627700, 792.7750285816241600;
563.6021329766164200, 793.1804370704580800;
561.7587826309644500, 793.5742712976416400;
559.9129941543221800, 793.9565157152740100;
558.0648404152580000, 794.3271552330002100;
556.2143943757173500, 794.6861752186066500;
554.3617290881412600, 795.0335614985988300;
552.5069176925827600, 795.3693003587616200;
550.6500334138201000, 795.6933785446993900;
548.7911495584651200, 796.0057832623604100;
546.9303395120692800, 796.3065021785413400;
545.0676767362271000, 796.5955234213742000;
543.2032347656756900, 796.8728355807952500;
541.3370872053914100, 797.1384277089953200;
539.4693077276847400, 797.3922893208518900;
537.5999700692913200, 797.6344103943433800;
535.7291480284609400, 797.8647813709441200;
533.8569154620445300, 798.0833931560025600;
531.9833462825779400, 798.2902371190996300;
530.1085144553644600, 798.4853050943900100;
528.2324939955542500, 798.6685893809240000;
526.3553589652229900, 798.8400827429517200;
524.4771834704472400, 798.9997784102090500;
522.5980416583797700, 799.1476700781842100;
520.7180077143218600, 799.2837519083675500;
518.8371558587940600, 799.4080185284815300;
516.9555603446073100, 799.5204650326925300;
515.0732954539308800, 799.6210869818053200;
513.1904354953594500, 799.7098804034374100;
511.3070548009803200, 799.7868417921768000;
509.4232277234385200, 799.8519681097194500;
507.5390286330012400, 799.9052567849900000;
505.6545319146224500, 799.9467057142426300;
503.7698119650058300, 799.9763132611448100;
501.8849431896676900, 799.9940782568411400;
500.0000000000000000, 800.0000000000000000;
498.1150568103323100, 799.9940782568411400;
496.2301880349942300, 799.9763132611448100;
494.3454680853774900, 799.9467057142426300;
492.4609713669987600, 799.9052567849900000;
490.5767722765615400, 799.8519681097194500;
488.6929451990196200, 799.7868417921768000;
486.8095645046405500, 799.7098804034374100;
484.9267045460691700, 799.6210869818053200;
483.0444396553926400, 799.5204650326925300;
481.1628441412060500, 799.4080185284815300;
479.2819922856783100, 799.2837519083675500;
477.4019583416201200, 799.1476700781840900;
475.5228165295527600, 798.9997784102090500;
473.6446410347770700, 798.8400827429517200;
471.7675060044456900, 798.6685893809240000;
469.8914855446355400, 798.4853050943900100;
468.0166537174220600, 798.2902371190996300;
466.1430845379554700, 798.0833931560025600;
464.2708519715391200, 797.8647813709441200;
462.4000299307087400, 797.6344103943433800;
460.5306922723152600, 797.3922893208520000;
458.6629127946085900, 797.1384277089953200;
456.7967652343243100, 796.8728355807952500;
454.9323232637728400, 796.5955234213742000;
453.0696604879307800, 796.3065021785413400;
451.2088504415349300, 796.0057832623604100;
449.3499665861798500, 795.6933785446993900;
447.4930823074172400, 795.3693003587616200;
445.6382709118588000, 795.0335614985988300;
443.7856056242826000, 794.6861752186066500;
441.9351595847420000, 794.3271552330002100;
440.0870058456779400, 793.9565157152740100;
438.2412173690355500, 793.5742712976416400;
436.3978670233836400, 793.1804370704580800;
434.5570275810372300, 792.7750285816241600;
432.7187717151856500, 792.3580618359731000;
430.8831719970228300, 791.9295532946380300;
429.0503008928826000, 791.4895198744021600;
427.2202307613777600, 791.0379789470317700;
425.3930338505435900, 790.5749483385893700;
423.5687822949854000, 790.1004463287305300;
421.7475481130309200, 789.6144916499821400;
419.9294032038873800, 789.1171034870028500;
418.1144193448024000, 788.6083014758257800;
416.3026681882312200, 788.0881057030828700;
414.4942212590071900, 787.5565367052126900;
412.6891499515184600, 787.0136154676491700;
410.8875255268895300, 786.4593634239929500;
409.0894191101678500, 785.8938024551656600;
407.2949016875157900, 785.3169548885460900;
405.5040441034085500, 784.7288434970884100;
403.7169170578372400, 784.1294914984232500;
401.9335911035173000, 783.5189225539414800;
400.1541366431040400, 782.8971607678593000;
398.3786239264126200, 782.2642306862676400;
396.6071230476449000, 781.6201572961622300;
394.8397039426222900, 780.9649660244576800;
393.0764363860248000, 780.2986827369836600;
391.3173899886363100, 779.6213337374633700;
389.5626341945966300, 778.9329457664754300;
387.8122382786599500, 778.2335460003984100;
386.0662713434596800, 777.5231620503374200;
384.3248023167810700, 776.8018219610344200;
382.5878999488393200, 776.0695542097611200;
380.8556328095658000, 775.3263877051942900;
379.1280692859011800, 774.5723517862752500;
377.4052775790953000, 773.8074762210508200;
375.6873257020147300, 773.0317912054986200;
373.9742814764581500, 772.2453273623350500;
372.2662125304781900, 771.4481157398058700;
370.5631862957122800, 770.6401878104608200;
368.8652700047201700, 769.8215754699112900;
367.1725306883296300, 768.9923110355707600;
365.4850351729903700, 768.1524272453791600;
363.8028500781359800, 767.3019572565103800;
362.1260418135536800, 766.4409346440634200;
360.4546765767624900, 765.5693933997365500;
358.7888203504003300, 764.6873679304860600;
357.1285388996182100, 763.7948930571668600;
355.4738977694854600, 762.8920040131590700;
353.8249622824003500, 761.9787364429760100;
352.1817975355124900, 761.0551264008577200;
350.5444683981527900, 760.1212103493470500;
348.9130395092717500, 759.1770251578506100;
347.2875752748885800, 758.2226081011831400;
345.6681398655480300, 757.2579968580956800;
344.0547972137872500, 756.2832295097886100;
342.4476110116112300, 755.2983445384074900;
340.8466447079798600, 754.3033808255249800;
339.2519615063010900, 753.2983776506046100;
337.6636243619373100, 752.2833746894507400;
336.0816959797192600, 751.2584120126425700;
334.5062388114708900, 750.2235300839513500;
332.9373150535435600, 749.1787697587437800;
331.3749866443607700, 748.1241722823685900;
329.8193152619730900, 747.0597792885282600;
328.2703623216226600, 745.9856327976356200;
326.7281889733197900, 744.9017752151552300;
325.1928560994272200, 743.8082493299282300;
323.6644243122581200, 742.7050983124842100;
322.1429539516822200, 741.5923657133365600;
320.6285050827444300, 740.4700954612631000;
319.1211374932925700, 739.3383318615713100;
317.6209106916183500, 738.1971195943506200;
316.1278839041070800, 737.0465037127071400;
314.6421160728996300, 735.8865296409856000;
313.1636658535662700, 734.7172431729764000;
311.6925916127899000, 733.5386904701069900;
310.2289514260626800, 732.3509180596202000;
308.7728030753930900, 731.1539728327368300;
307.3242040470247500, 729.9479020428050300;
305.8832115291667200, 728.7327533034343800;
304.4498824097363500, 727.5085745866165300;
303.0242732741131100, 726.2754142208311800;
301.6064404029043500, 725.0333208891378300;
300.1964397697245200, 723.7823436272547000;
298.7943270389839700, 722.5225318216217800;
297.4001575636926900, 721.2539352074521700;
296.0139863832742400, 719.9766038667679600;
294.6358682213934800, 718.6905882264235300;
293.2658574837954600, 717.3959390561140000;
291.9040082561585900, 716.0927074663720800;
290.5503743019582400, 714.7809449065493900;
289.2050090603451600, 713.4607031627855300;
287.8679656440357300, 712.1320343559642700;
286.5392968372144100, 710.7949909396547800;
285.2190550934506100, 709.4496256980418100;
283.9072925336279200, 708.0959917438415200;
282.6040609438861100, 706.7341425162046600;
281.3094117735764700, 705.3641317786066300;
280.0233961332320400, 703.9860136167258100;
278.7460647925478300, 702.5998424363074300;
277.4774681783782700, 701.2056729610160300;
276.2176563727454100, 699.8035602302754800;
274.9666791108621700, 698.3935595970955300;
273.7245857791688200, 696.9757267258869400;
272.4914254133834700, 695.5501175902636500;
271.2672466965657300, 694.1167884708334000;
270.0520979571949700, 692.6757959529752500;
268.8460271672632900, 691.2271969246069100;
267.6490819403799200, 689.7710485739373800;
266.4613095298930100, 688.3074083872102200;
265.2827568270236000, 686.8363341464337300;
264.1134703590144000, 685.3578839271003700;
262.9534962872928600, 683.8721160958929200;
261.8028804056493800, 682.3790893083815900;
260.6616681384287500, 680.8788625067074900;
259.5299045387370100, 679.3714949172556300;
258.4076342866634400, 677.8570460483177800;
257.2949016875157900, 676.3355756877419900;
256.1917506700718300, 674.8071439005727800;
255.0982247848448000, 673.2718110266803300;
254.0143672023643500, 671.7296376783773400;
252.9402207114717400, 670.1806847380269100;
251.8758277176314900, 668.6250133556392300;
250.8212302412562500, 667.0626849464564400;
249.7764699160486000, 665.4937611885289900;
248.7415879873575200, 663.9183040202807400;
247.7166253105492900, 662.3363756380628000;
246.7016223493954800, 660.7480384936990300;
245.6966191744750200, 659.1533552920202500;
244.7016554615925100, 657.5523889883887700;
243.7167704902114500, 655.9452027862128000;
242.7420031419043800, 654.3318601344519700;
241.7773918988169200, 652.7124247251114200;
240.8229748421493400, 651.0869604907281900;
239.8787896506530000, 649.4555316018472700;
238.9448735991422800, 647.8182024644875100;
238.0212635570239300, 646.1750377175997100;
237.1079959868409300, 644.5261022305145400;
236.2051069428332000, 642.8714611003817900;
235.3126320695140000, 641.2111796495996700;
234.4306066002634500, 639.5453234232375100;
233.5590653559366400, 637.8739581864464300;
232.6980427434896800, 636.1971499218640200;
231.8475727546209000, 634.5149648270096300;
231.0076889644292400, 632.8274693116704800;
230.1784245300887100, 631.1347299952798300;
229.3598121895391300, 629.4368137042877200;
228.5518842601941900, 627.7337874695218700;
227.7546726376649000, 626.0257185235418500;
226.9682087945013200, 624.3126742979852700;
226.1925237789491800, 622.5947224209047600;
225.4276482137247500, 620.8719307140988800;
224.6736122948056500, 619.1443671904342000;
223.9304457902389300, 617.4121000511607900;
223.1981780389655200, 615.6751976832189300;
222.4768379496625800, 613.9337286565403200;
221.7664539996016500, 612.1877617213401700;
221.0670542335245700, 610.4373658054032600;
220.3786662625367400, 608.6826100113637500;
219.7013172630163900, 606.9235636139752600;
219.0350339755423200, 605.1602960573777600;
218.3798427038377700, 603.3928769523551000;
217.7357693137324200, 601.6213760735875000;
217.1028392321406400, 599.8458633568959600;
216.4810774460585800, 598.0664088964828100;
215.8705085015767500, 596.2830829421628800;
215.2711565029115900, 594.4959558965913400;
214.6830451114539600, 592.7050983124842100;
214.1061975448343400, 590.9105808898322000;
213.5406365760071000, 589.1124744731105200;
212.9863845323508300, 587.3108500484816000;
212.4434632947872500, 585.5057787409929200;
211.9118942969170700, 583.6973318117687800;
211.3916985241742700, 581.8855806551976000;
210.8828965129970900, 580.0705967961126800;
210.3855083500178600, 578.2524518869690800;
209.8995536712694700, 576.4312177050146600;
209.4250516614106900, 574.6069661494564100;
208.9620210529682300, 572.7797692386221800;
208.5104801255978400, 570.9496991071173400;
208.0704467053620300, 569.1168280029772900;
207.6419381640268400, 567.2812282848143500;
207.2249714183757900, 565.4429724189628800;
206.8195629295419700, 563.6021329766164200;
206.4257287023583600, 561.7587826309644500;
206.0434842847259300, 559.9129941543221800;
205.6728447669997900, 558.0648404152582300;
205.3138247813934100, 556.2143943757173500;
204.9664385014011100, 554.3617290881411500;
204.6306996412383800, 552.5069176925828700;
204.3066214553005600, 550.6500334138201000;
203.9942167376395900, 548.7911495584651200;
203.6934978214586600, 546.9303395120692800;
203.4044765786258000, 545.0676767362271000;
203.1271644192046900, 543.2032347656756900;
202.8615722910046800, 541.3370872053915300;
202.6077106791480000, 539.4693077276847400;
202.3655896056566800, 537.5999700692913200;
202.1352186290558800, 535.7291480284609400;
201.9166068439974400, 533.8569154620444100;
201.7097628809003100, 531.9833462825780500;
201.5146949056099300, 530.1085144553644600;
201.3314106190760000, 528.2324939955542500;
201.1599172570482800, 526.3553589652229900;
201.0002215897910700, 524.4771834704473600;
200.8523299218157900, 522.5980416583797700;
200.7162480916324500, 520.7180077143218600;
200.5919814715185200, 518.8371558587940600;
200.4795349673074700, 516.9555603446073100;
200.3789130181947400, 515.0732954539308800;
200.2901195965625900, 513.1904354953594500;
200.2131582078232000, 511.3070548009803800;
200.1480318902805500, 509.4232277234384600;
200.0947432150100000, 507.5390286330013500;
200.0532942857573200, 505.6545319146224000;
200.0236867388551900, 503.7698119650058300;
200.0059217431588600, 501.8849431896677500;
200.0000000000000000, 500.0000000000000600;
200.0059217431588600, 498.1150568103323600;
200.0236867388551900, 496.2301880349942300;
200.0532942857573200, 494.3454680853775500;
200.0947432150100000, 492.4609713669987100;
200.1480318902805500, 490.5767722765616000;
200.2131582078232600, 488.6929451990195600;
200.2901195965625900, 486.8095645046406000;
200.3789130181947400, 484.9267045460691700;
200.4795349673074700, 483.0444396553926900;
200.5919814715185200, 481.1628441412059900;
200.7162480916324500, 479.2819922856783700;
200.8523299218157900, 477.4019583416201700;
201.0002215897910100, 475.5228165295527000;
201.1599172570482800, 473.6446410347771200;
201.3314106190760000, 471.7675060044456400;
201.5146949056099300, 469.8914855446356000;
201.7097628809003100, 468.0166537174220600;
201.9166068439975000, 466.1430845379555300;
202.1352186290558800, 464.2708519715390600;
202.3655896056566200, 462.4000299307088500;
202.6077106791480600, 460.5306922723152100;
202.8615722910046200, 458.6629127946086400;
203.1271644192046900, 456.7967652343244300;
203.4044765786258000, 454.9323232637727900;
203.6934978214586600, 453.0696604879307800;
203.9942167376395900, 451.2088504415349300;
204.3066214553006100, 449.3499665861798500;
204.6306996412383800, 447.4930823074171800;
204.9664385014010600, 445.6382709118589100;
205.3138247813934100, 443.7856056242825400;
205.6728447669997900, 441.9351595847420000;
206.0434842847259300, 440.0870058456779400;
206.4257287023583600, 438.2412173690356700;
206.8195629295419700, 436.3978670233836400;
207.2249714183757900, 434.5570275810372300;
207.6419381640268400, 432.7187717151856500;
208.0704467053620300, 430.8831719970228300;
208.5104801255977800, 429.0503008928826600;
208.9620210529682800, 427.2202307613777100;
209.4250516614106300, 425.3930338505436500;
209.8995536712694700, 423.5687822949854000;
210.3855083500178000, 421.7475481130309700;
210.8828965129970900, 419.9294032038873200;
211.3916985241742200, 418.1144193448024000;
211.9118942969170700, 416.3026681882312200;
212.4434632947872500, 414.4942212590071300;
212.9863845323508300, 412.6891499515185200;
213.5406365760071000, 410.8875255268894800;
214.1061975448343400, 409.0894191101678500;
214.6830451114539100, 407.2949016875157900;
215.2711565029115900, 405.5040441034086000;
215.8705085015766900, 403.7169170578371800;
216.4810774460585200, 401.9335911035173600;
217.1028392321407000, 400.1541366431039800;
217.7357693137323600, 398.3786239264125600;
218.3798427038377700, 396.6071230476449600;
219.0350339755423200, 394.8397039426222400;
219.7013172630163900, 393.0764363860248500;
220.3786662625366800, 391.3173899886363100;
221.0670542335245700, 389.5626341945966300;
221.7664539996015900, 387.8122382786598300;
222.4768379496625200, 386.0662713434597900;
223.1981780389655800, 384.3248023167810200;
223.9304457902388800, 382.5878999488393200;
224.6736122948056500, 380.8556328095658600;
225.4276482137247500, 379.1280692859011200;
226.1925237789491200, 377.4052775790953000;
226.9682087945012700, 375.6873257020147900;
227.7546726376649000, 373.9742814764581500;
228.5518842601941300, 372.2662125304781900;
229.3598121895391300, 370.5631862957124000;
230.1784245300887100, 368.8652700047200600;
231.0076889644292400, 367.1725306883296300;
231.8475727546208400, 365.4850351729903700;
232.6980427434896200, 363.8028500781359800;
233.5590653559366400, 362.1260418135536800;
234.4306066002634500, 360.4546765767624900;
235.3126320695140000, 358.7888203504002100;
236.2051069428331400, 357.1285388996182100;
237.1079959868408800, 355.4738977694854600;
238.0212635570239900, 353.8249622824002900;
238.9448735991422800, 352.1817975355126000;
239.8787896506529500, 350.5444683981527900;
240.8229748421493900, 348.9130395092718100;
241.7773918988169200, 347.2875752748885800;
242.7420031419042600, 345.6681398655481400;
243.7167704902114500, 344.0547972137871400;
244.7016554615924500, 342.4476110116112300;
245.6966191744749900, 340.8466447079798600;
246.7016223493955100, 339.2519615063009700;
247.7166253105492300, 337.6636243619373100;
248.7415879873574600, 336.0816959797193100;
249.7764699160486300, 334.5062388114709500;
250.8212302412562200, 332.9373150535436100;
251.8758277176313800, 331.3749866443608900;
252.9402207114718000, 329.8193152619730300;
254.0143672023642400, 328.2703623216227700;
255.0982247848447700, 326.7281889733197900;
256.1917506700718800, 325.1928560994271000;
257.2949016875157900, 323.6644243122581200;
258.4076342866634400, 322.1429539516822200;
259.5299045387370100, 320.6285050827443700;
260.6616681384286900, 319.1211374932926200;
261.8028804056493200, 317.6209106916184600;
262.9534962872929200, 316.1278839041070200;
264.1134703590142900, 314.6421160728997400;
265.2827568270234900, 313.1636658535662700;
266.4613095298929000, 311.6925916127899000;
267.6490819403798000, 310.2289514260626800;
268.8460271672632300, 308.7728030753930900;
270.0520979571950900, 307.3242040470246900;
271.2672466965656200, 305.8832115291667200;
272.4914254133833500, 304.4498824097364600;
273.7245857791688800, 303.0242732741130600;
274.9666791108620600, 301.6064404029044700;
276.2176563727453000, 300.1964397697245200;
277.4774681783782200, 298.7943270389840200;
278.7460647925478300, 297.4001575636926900;
280.0233961332319800, 296.0139863832742400;
281.3094117735765800, 294.6358682213933700;
282.6040609438860000, 293.2658574837954600;
283.9072925336278700, 291.9040082561585900;
285.2190550934507200, 290.5503743019581900;
286.5392968372143500, 289.2050090603452800;
287.8679656440357300, 287.8679656440357300;
289.2050090603452200, 286.5392968372144100;
290.5503743019581900, 285.2190550934506600;
291.9040082561584200, 283.9072925336280400;
293.2658574837954600, 282.6040609438860000;
294.6358682213934200, 281.3094117735765300;
296.0139863832741900, 280.0233961332320400;
297.4001575636926900, 278.7460647925478300;
298.7943270389839700, 277.4774681783782700;
300.1964397697245200, 276.2176563727454100;
301.6064404029044100, 274.9666791108621700;
303.0242732741130600, 273.7245857791688200;
304.4498824097362900, 272.4914254133835200;
305.8832115291667200, 271.2672466965656200;
307.3242040470246400, 270.0520979571950900;
308.7728030753931400, 268.8460271672631700;
310.2289514260626200, 267.6490819403799200;
311.6925916127899000, 266.4613095298929000;
313.1636658535662100, 265.2827568270236000;
314.6421160728996300, 264.1134703590144000;
316.1278839041070800, 262.9534962872928600;
317.6209106916182900, 261.8028804056494900;
319.1211374932926200, 260.6616681384286900;
320.6285050827442500, 259.5299045387370700;
322.1429539516822700, 258.4076342866633800;
323.6644243122580100, 257.2949016875157900;
325.1928560994272700, 256.1917506700717700;
326.7281889733196700, 255.0982247848448300;
328.2703623216228800, 254.0143672023642100;
329.8193152619730900, 252.9402207114717700;
331.3749866443607700, 251.8758277176315200;
332.9373150535434400, 250.8212302412563300;
334.5062388114711200, 249.7764699160485400;
336.0816959797193700, 248.7415879873574300;
337.6636243619372000, 247.7166253105492900;
339.2519615063008600, 246.7016223493955600;
340.8466447079797500, 245.6966191744750500;
342.4476110116111700, 244.7016554615925100;
344.0547972137872000, 243.7167704902114500;
345.6681398655482600, 242.7420031419042100;
347.2875752748887000, 241.7773918988168600;
348.9130395092717000, 240.8229748421494500;
350.5444683981526200, 239.8787896506530600;
352.1817975355124900, 238.9448735991423400;
353.8249622824004100, 238.0212635570238700;
355.4738977694854600, 237.1079959868409300;
357.1285388996182100, 236.2051069428332000;
358.7888203504002700, 235.3126320695140000;
360.4546765767623800, 234.4306066002635000;
362.1260418135534600, 233.5590653559367500;
363.8028500781361500, 232.6980427434895700;
365.4850351729904200, 231.8475727546208400;
367.1725306883295200, 231.0076889644292400;
368.8652700047200000, 230.1784245300887600;
370.5631862957122800, 229.3598121895391300;
372.2662125304781300, 228.5518842601941900;
373.9742814764581500, 227.7546726376649000;
375.6873257020146800, 226.9682087945013200;
377.4052775790953500, 226.1925237789491200;
379.1280692859011800, 225.4276482137247500;
380.8556328095656900, 224.6736122948057100;
382.5878999488392700, 223.9304457902388800;
384.3248023167811900, 223.1981780389655200;
386.0662713434596800, 222.4768379496625800;
387.8122382786597800, 221.7664539996016500;
389.5626341945966800, 221.0670542335245700;
391.3173899886362500, 220.3786662625367400;
393.0764363860246200, 219.7013172630164500;
394.8397039426222400, 219.0350339755423200;
396.6071230476450200, 218.3798427038377100;
398.3786239264126200, 217.7357693137323600;
400.1541366431039300, 217.1028392321407000;
401.9335911035173000, 216.4810774460585200;
403.7169170578370700, 215.8705085015767500;
405.5040441034086000, 215.2711565029115900;
407.2949016875157300, 214.6830451114539600;
409.0894191101679100, 214.1061975448343400;
410.8875255268894800, 213.5406365760071000;
412.6891499515182900, 212.9863845323508800;
414.4942212590069100, 212.4434632947873100;
416.3026681882313900, 211.9118942969170100;
418.1144193448024600, 211.3916985241742200;
419.9294032038872600, 210.8828965129970900;
421.7475481130309700, 210.3855083500178000;
423.5687822949853400, 209.8995536712694700;
425.3930338505434200, 209.4250516614106900;
427.2202307613777600, 208.9620210529682300;
429.0503008928827200, 208.5104801255977800;
430.8831719970228300, 208.0704467053620300;
432.7187717151855400, 207.6419381640269000;
434.5570275810372900, 207.2249714183757900;
436.3978670233835300, 206.8195629295419700;
438.2412173690356700, 206.4257287023583600;
440.0870058456778800, 206.0434842847259300;
441.9351595847420500, 205.6728447669997300;
443.7856056242826000, 205.3138247813934100;
445.6382709118586800, 204.9664385014011100;
447.4930823074169600, 204.6306996412384400;
449.3499665861800200, 204.3066214553005600;
451.2088504415349900, 203.9942167376395900;
453.0696604879306600, 203.6934978214586600;
454.9323232637729600, 203.4044765786258000;
456.7967652343243100, 203.1271644192046900;
458.6629127946084700, 202.8615722910046800;
460.5306922723152600, 202.6077106791480600;
462.4000299307089100, 202.3655896056566200;
464.2708519715391200, 202.1352186290558800;
466.1430845379554200, 201.9166068439975000;
468.0166537174218300, 201.7097628809003700;
469.8914855446354900, 201.5146949056099900;
471.7675060044458100, 201.3314106190760000;
473.6446410347770100, 201.1599172570482800;
475.5228165295528700, 201.0002215897910100;
477.4019583416202300, 200.8523299218157900;
479.2819922856781400, 200.7162480916324500;
481.1628441412057700, 200.5919814715185200;
483.0444396553928600, 200.4795349673074700;
484.9267045460692300, 200.3789130181947400;
486.8095645046404900, 200.2901195965625900;
488.6929451990195000, 200.2131582078232600;
490.5767722765614800, 200.1480318902805500;
492.4609713669986500, 200.0947432150100000;
494.3454680853776000, 200.0532942857573200;
496.2301880349944000, 200.0236867388551900;
498.1150568103323600, 200.0059217431588600;
499.9999999999999400, 200.0000000000000000;
501.8849431896675200, 200.0059217431588600;
503.7698119650057700, 200.0236867388551900;
505.6545319146225700, 200.0532942857573200;
507.5390286330012400, 200.0947432150100000;
509.4232277234384000, 200.1480318902805500;
511.3070548009803800, 200.2131582078232600;
513.1904354953594500, 200.2901195965625900;
515.0732954539306500, 200.3789130181947400;
516.9555603446075300, 200.4795349673074700;
518.8371558587940600, 200.5919814715185200;
520.7180077143217400, 200.7162480916324500;
522.5980416583796600, 200.8523299218157900;
524.4771834704472400, 201.0002215897910100;
526.3553589652228800, 201.1599172570482800;
528.2324939955543600, 201.3314106190760000;
530.1085144553644600, 201.5146949056099300;
531.9833462825780500, 201.7097628809003100;
533.8569154620445300, 201.9166068439975000;
535.7291480284607100, 202.1352186290558800;
537.5999700692913200, 202.3655896056566200;
539.4693077276848500, 202.6077106791480600;
541.3370872053914100, 202.8615722910046200;
543.2032347656755700, 203.1271644192046900;
545.0676767362272100, 203.4044765786258000;
546.9303395120691700, 203.6934978214586600;
548.7911495584648900, 203.9942167376395300;
550.6500334138201000, 204.3066214553005600;
552.5069176925829900, 204.6306996412383800;
554.3617290881412600, 204.9664385014011100;
556.2143943757172300, 205.3138247813933500;
558.0648404152581200, 205.6728447669997900;
559.9129941543220600, 206.0434842847259300;
561.7587826309644500, 206.4257287023584100;
563.6021329766163000, 206.8195629295419700;
565.4429724189628800, 207.2249714183757900;
567.2812282848143500, 207.6419381640268400;
569.1168280029770600, 208.0704467053619700;
570.9496991071171100, 208.5104801255977800;
572.7797692386224100, 208.9620210529682800;
574.6069661494565300, 209.4250516614106900;
576.4312177050145500, 209.8995536712694700;
578.2524518869692000, 210.3855083500178600;
580.0705967961126800, 210.8828965129970900;
581.8855806551973700, 211.3916985241742200;
583.6973318117687800, 211.9118942969170700;
585.5057787409930400, 212.4434632947872500;
587.3108500484816000, 212.9863845323508800;
589.1124744731104100, 213.5406365760071000;
590.9105808898319800, 214.1061975448342900;
592.7050983124842100, 214.6830451114539100;
594.4959558965915700, 215.2711565029116500;
596.2830829421627600, 215.8705085015766900;
598.0664088964828100, 216.4810774460585800;
599.8458633568959600, 217.1028392321406400;
601.6213760735872700, 217.7357693137323100;
603.3928769523548700, 218.3798427038377100;
605.1602960573778800, 219.0350339755423800;
606.9235636139752600, 219.7013172630163900;
608.6826100113636400, 220.3786662625366800;
610.4373658054032600, 221.0670542335245200;
612.1877617213401700, 221.7664539996015900;
613.9337286565402100, 222.4768379496625200;
615.6751976832190400, 223.1981780389655800;
617.4121000511609100, 223.9304457902389300;
619.1443671904342000, 224.6736122948056500;
620.8719307140987700, 225.4276482137246900;
622.5947224209045300, 226.1925237789490700;
624.3126742979852700, 226.9682087945012700;
626.0257185235419700, 227.7546726376649500;
627.7337874695217600, 228.5518842601941300;
629.4368137042876000, 229.3598121895390700;
631.1347299952799400, 230.1784245300887100;
632.8274693116703700, 231.0076889644291800;
634.5149648270095200, 231.8475727546207800;
636.1971499218642500, 232.6980427434897400;
637.8739581864464300, 233.5590653559367000;
639.5453234232375100, 234.4306066002634500;
641.2111796495996700, 235.3126320695139400;
642.8714611003817900, 236.2051069428331400;
644.5261022305144300, 237.1079959868408800;
646.1750377175997100, 238.0212635570239900;
647.8182024644876300, 238.9448735991424000;
649.4555316018472700, 239.8787896506530000;
651.0869604907281900, 240.8229748421493900;
652.7124247251113000, 241.7773918988168000;
654.3318601344519700, 242.7420031419043200;
655.9452027862129200, 243.7167704902115000;
657.5523889883886600, 244.7016554615924500;
659.1533552920201400, 245.6966191744749900;
660.7480384936990300, 246.7016223493955100;
662.3363756380626900, 247.7166253105492300;
663.9183040202806300, 248.7415879873573800;
665.4937611885292200, 249.7764699160487700;
667.0626849464565600, 250.8212302412562700;
668.6250133556391100, 251.8758277176314400;
670.1806847380269100, 252.9402207114717100;
671.7296376783772300, 254.0143672023643300;
673.2718110266802100, 255.0982247848447500;
674.8071439005729000, 256.1917506700718800;
676.3355756877418800, 257.2949016875157300;
677.8570460483179000, 258.4076342866634400;
679.3714949172556300, 259.5299045387370100;
680.8788625067072600, 260.6616681384285800;
682.3790893083815900, 261.8028804056493800;
683.8721160958930300, 262.9534962872929800;
685.3578839271003700, 264.1134703590143400;
686.8363341464337300, 265.2827568270234900;
688.3074083872102200, 266.4613095298930100;
689.7710485739372600, 267.6490819403798000;
691.2271969246068000, 268.8460271672631200;
692.6757959529752500, 270.0520979571950300;
694.1167884708334000, 271.2672466965657300;
695.5501175902636500, 272.4914254133834700;
696.9757267258868300, 273.7245857791688200;
698.3935595970956500, 274.9666791108621700;
699.8035602302754800, 276.2176563727453000;
701.2056729610160300, 277.4774681783782700;
702.5998424363073100, 278.7460647925478300;
703.9860136167258100, 280.0233961332320400;
705.3641317786066300, 281.3094117735765300;
706.7341425162044300, 282.6040609438858800;
708.0959917438413000, 283.9072925336277500;
709.4496256980419300, 285.2190550934507800;
710.7949909396547800, 286.5392968372144700;
712.1320343559641500, 287.8679656440357300;
713.4607031627856500, 289.2050090603453300;
714.7809449065493900, 290.5503743019581900;
716.0927074663719600, 291.9040082561583600;
717.3959390561140000, 293.2658574837954600;
718.6905882264235300, 294.6358682213934800;
719.9766038667680700, 296.0139863832743000;
721.2539352074520600, 297.4001575636925700;
722.5225318216216700, 298.7943270389838500;
723.7823436272545900, 300.1964397697244600;
725.0333208891379400, 301.6064404029044700;
726.2754142208311800, 303.0242732741130600;
727.5085745866166500, 304.4498824097364600;
728.7327533034343800, 305.8832115291667200;
729.9479020428049100, 307.3242040470246400;
731.1539728327366000, 308.7728030753929100;
732.3509180596202000, 310.2289514260628500;
733.5386904701071000, 311.6925916127899000;
734.7172431729764000, 313.1636658535662100;
735.8865296409856000, 314.6421160728995700;
737.0465037127071400, 316.1278839041070800;
738.1971195943505100, 317.6209106916182900;
739.3383318615713100, 319.1211374932926200;
740.4700954612631000, 320.6285050827444800;
741.5923657133366800, 322.1429539516822700;
742.7050983124842100, 323.6644243122580100;
743.8082493299281200, 325.1928560994269900;
744.9017752151551100, 326.7281889733196700;
745.9856327976357300, 328.2703623216228300;
747.0597792885282600, 329.8193152619730900;
748.1241722823684800, 331.3749866443607200;
749.1787697587437800, 332.9373150535436100;
750.2235300839513500, 334.5062388114708900;
751.2584120126423400, 336.0816959797191400;
752.2833746894508500, 337.6636243619374200;
753.2983776506046100, 339.2519615063010900;
754.3033808255249800, 340.8466447079797500;
755.2983445384074900, 342.4476110116111700;
756.2832295097885000, 344.0547972137872000;
757.2579968580955700, 345.6681398655479700;
758.2226081011831400, 347.2875752748886400;
759.1770251578504900, 348.9130395092717000;
760.1212103493470500, 350.5444683981528400;
761.0551264008577200, 352.1817975355124900;
761.9787364429760100, 353.8249622824001800;
762.8920040131590700, 355.4738977694854000;
763.7948930571669700, 357.1285388996183800;
764.6873679304860600, 358.7888203504002100;
765.5693933997365500, 360.4546765767623800;
766.4409346440634200, 362.1260418135536800;
767.3019572565103800, 363.8028500781358600;
768.1524272453790400, 365.4850351729901400;
768.9923110355707600, 367.1725306883295200;
769.8215754699112900, 368.8652700047202300;
770.6401878104609300, 370.5631862957122800;
771.4481157398058700, 372.2662125304781300;
772.2453273623350500, 373.9742814764581500;
773.0317912054986200, 375.6873257020146800;
773.8074762210508200, 377.4052775790953500;
774.5723517862752500, 379.1280692859011200;
775.3263877051944100, 380.8556328095659200;
776.0695542097610100, 382.5878999488392700;
776.8018219610344200, 384.3248023167809000;
777.5231620503373100, 386.0662713434594500;
778.2335460003985200, 387.8122382786600000;
778.9329457664754300, 389.5626341945966300;
779.6213337374632600, 391.3173899886362500;
780.2986827369836600, 393.0764363860248500;
780.9649660244576800, 394.8397039426222400;
781.6201572961622300, 396.6071230476447300;
782.2642306862676400, 398.3786239264125600;
782.8971607678593000, 400.1541366431041500;
783.5189225539414800, 401.9335911035173000;
784.1294914984232500, 403.7169170578370700;
784.7288434970882900, 405.5040441034083200;
785.3169548885459800, 407.2949016875156800;
785.8938024551656600, 409.0894191101679100;
786.4593634239929500, 410.8875255268894800;
787.0136154676491700, 412.6891499515185700;
787.5565367052126900, 414.4942212590071300;
788.0881057030828700, 416.3026681882311100;
788.6083014758257800, 418.1144193448021700;
789.1171034870029600, 419.9294032038874900;
789.6144916499822600, 421.7475481130309700;
790.1004463287305300, 423.5687822949852800;
790.5749483385893700, 425.3930338505433600;
791.0379789470316600, 427.2202307613777600;
791.4895198744021600, 429.0503008928824300;
791.9295532946380300, 430.8831719970228300;
792.3580618359731000, 432.7187717151857700;
792.7750285816241600, 434.5570275810372900;
793.1804370704580800, 436.3978670233835300;
793.5742712976416400, 438.2412173690354400;
793.9565157152740100, 440.0870058456778200;
794.3271552330002100, 441.9351595847420000;
794.6861752186066500, 443.7856056242826000;
795.0335614985989400, 445.6382709118589100;
795.3693003587616200, 447.4930823074171800;
795.6933785446993900, 449.3499665861797300;
796.0057832623604100, 451.2088504415347100;
796.3065021785413400, 453.0696604879309500;
796.5955234213742000, 454.9323232637729600;
796.8728355807952500, 456.7967652343243100;
797.1384277089953200, 458.6629127946084200;
797.3922893208518900, 460.5306922723152600;
797.6344103943433800, 462.4000299307086300;
797.8647813709441200, 464.2708519715391200;
798.0833931560025600, 466.1430845379556400;
798.2902371190996300, 468.0166537174220600;
798.4853050943900100, 469.8914855446354900;
798.6685893809240000, 471.7675060044455200;
798.8400827429517200, 473.6446410347770100;
798.9997784102090500, 475.5228165295528700;
799.1476700781842100, 477.4019583416201700;
799.2837519083675500, 479.2819922856781400;
799.4080185284815300, 481.1628441412060500;
799.5204650326925300, 483.0444396553925800;
799.6210869818053200, 484.9267045460689500;
799.7098804034374100, 486.8095645046407200;
799.7868417921768000, 488.6929451990197300;
799.8519681097194500, 490.5767722765614800;
799.9052567849900000, 492.4609713669985900;
799.9467057142426300, 494.3454680853775500;
799.9763132611448100, 496.2301880349941100;
799.9940782568411400, 498.1150568103323600;
